DES14E1anf	0.149	1.0	10.0	99
DES14E1tb	0.37	1.5	14.0	99
DES14E2u	0.292	1.0	10.0	99
DES14X2ags	0.30	1.5	14.0	99
DES14C1bdv	0.443	1.0	10.0	99
DES14S1aoz	0.525   1.5	14.0	99
DES14X3ajv	0.613	1.0	10.0	99
DES14S2boa	0.398   1.5	14.0	99
DES14C3cxt	0.215	1.0	10.0	99
DES14S2bnq	0.185   1.5	14.0	99
DES14X3aeb	0.313	1.0	10.0	99
DES14S1aot	0.364   1.5	14.0	99
DES14S1aow	0.472	1.0	10.0	99
DES14C1fkl      0.38    1.5	14.0	99
DES14C2fkd      0.161	1.0	10.0	99
DES14C2fkf      0.43	1.5	14.0	99
DES14X1fnt      0.315	1.0	10.0	99
DES14C3gqv	0.22	1.5	14.0	99
DES14C2gwx	0.198	1.0	10.0	99
DES14X3ftq	0.35    1.5	14.0	99
DES14C2kct	0.333	1.0	10.0	99
DES14C3hud	0.225   1.5	14.0	99
DES14S1kdq	0.3275	1.0	10.0	99
DES14S1lfk	0.439   1.5	14.0	99
DES14X3jmx	0.502	1.0	10.0	99
DES14C1qty	0.148   1.5	14.0	99
DES14S1qid	0.228	1.0	10.0	99
DES14S1rah	0.199   1.5	14.0	99
DES14S2pkz	0.234	1.0	10.0	99
DES14X2rao	0.283   1.5	14.0	99
DES14X2raq	0.239	1.0	10.0	99