#NAME     : DES13S1ausf
#SNID     : 1023977    
#SPECZ    : -9.0000 +/- -9.0000
#PHOTOZ   : 0.2534 +/- 0.0918
#TMAX     : 56567.0    +/- -999.0    
#PEAKr    : 22.86   
#PEAKi    : 22.97   
#FITPROB  : 0.4853      
#PBAYES   : 0.0471      
# CID  MJD  Tobs  Flux FluxErr  DATAFLAG   BAND   CHI2  IFIT
#    DATAFLAG =  1  => data used in fit
#    DATAFLAG = -1  => data rejected from fit
#    DATAFLAG =  0  => best-fit model
1023977  56536.246   -30.75   -1.2680e+01   2.8160e+01  -1  i  0.20 1
1023977  56537.227   -29.77   -1.4450e+01   1.5070e+01  -1  i  0.92 1
1023977  56543.285   -23.71    2.5230e+00   1.0500e+01  -1  i  0.00 1
1023977  56547.242   -19.76    1.3060e+00   1.0270e+01  -1  i  0.56 1
1023977  56551.234   -15.77   -2.5990e+01   1.9070e+01  -1  i  5.67 1
1023977  56559.223    -7.78   -1.6860e+00   1.6600e+01  -1  i  9.51 1
1023977  56563.246    -3.75   -4.0510e+00   9.7020e+00  -1  i  38.96 1
1023977  56567.188     0.19    1.1240e+01   1.0450e+01  -1  i  23.29 1
1023977  56575.168     8.17   -1.6920e+01   1.0930e+01  -1  i  41.28 1
1023977  56579.156    12.16   -1.0140e+01   1.4930e+01  -1  i  14.94 1
1023977  56590.316    23.32    7.0840e+00   2.1420e+01   1  i  0.88 1
1023977  56602.094    35.09    1.0350e+01   9.3810e+00   1  i  0.11 1
1023977  56606.086    39.09    2.5430e+01   2.1970e+01   1  i  0.41 1
1023977  56609.086    42.09   -1.2020e+01   1.3200e+01   1  i  2.76 1
1023977  56616.078    49.08   -5.2310e-01   2.1120e+01   1  i  0.15 1
1023977  56625.215    58.21   -7.8850e+00   1.1410e+01   1  i  1.36 1
1023977  56629.043    62.04   -2.2320e+01   1.4090e+01   1  i  3.74 1
1023977  56636.047    69.05    3.8880e+00   1.0420e+01   1  i  0.00 1
1023977  56645.141    78.14    1.3700e+01   1.1840e+01   1  i  0.63 1
1023977  56660.066    93.07   -5.0390e+00   1.0740e+01   1  i  0.65 1
1023977  56676.062   109.06   -4.1740e+00   1.1170e+01   1  i  0.44 1
1023977  56683.043   116.04    3.6050e+00   1.2710e+01   1  i  0.00 1
1023977  56690.070   123.07   -8.9890e+00   1.2310e+01   1  i  0.93 1
1023977  56697.039   130.04    2.5790e+01   1.1900e+01  -1  i  4.70 1
1023977  56508.000   -59.00    0.0000e+00   0.0000e+00   0  i  0.00 1
1023977  56510.000   -57.00    0.0000e+00   0.0000e+00   0  i  0.00 1
1023977  56512.000   -55.00    0.0000e+00   0.0000e+00   0  i  0.00 1
1023977  56514.000   -53.00    0.0000e+00   0.0000e+00   0  i  0.00 1
1023977  56516.000   -51.00    0.0000e+00   0.0000e+00   0  i  0.00 1
1023977  56518.000   -49.00    0.0000e+00   0.0000e+00   0  i  0.00 1
1023977  56520.000   -47.00    0.0000e+00   0.0000e+00   0  i  0.00 1
1023977  56522.000   -45.00    0.0000e+00   0.0000e+00   0  i  0.00 1
1023977  56524.000   -43.00    0.0000e+00   0.0000e+00   0  i  0.00 1
1023977  56526.000   -41.00    0.0000e+00   0.0000e+00   0  i  0.00 1
1023977  56528.000   -39.00    0.0000e+00   0.0000e+00   0  i  0.00 1
1023977  56530.000   -37.00    0.0000e+00   0.0000e+00   0  i  0.00 1
1023977  56532.000   -35.00    0.0000e+00   0.0000e+00   0  i  0.00 1
1023977  56534.000   -33.00    0.0000e+00   0.0000e+00   0  i  0.00 1
1023977  56536.000   -31.00    0.0000e+00   0.0000e+00   0  i  0.00 1
1023977  56538.000   -29.00    3.0342e-02   8.3834e-03   0  i  0.00 1
1023977  56540.000   -27.00    3.3413e-01   9.2321e-02   0  i  0.00 1
1023977  56542.000   -25.00    1.3568e+00   3.7489e-01   0  i  0.00 1
1023977  56544.000   -23.00    3.6874e+00   1.0188e+00   0  i  0.00 1
1023977  56546.000   -21.00    6.5403e+00   1.8071e+00   0  i  0.00 1
1023977  56548.000   -19.00    1.0736e+01   2.9663e+00   0  i  0.00 1
1023977  56550.000   -17.00    1.5861e+01   4.3823e+00   0  i  0.00 1
1023977  56552.000   -15.00    2.1995e+01   1.5829e+00   0  i  0.00 1
1023977  56554.000   -13.00    2.9657e+01   2.0682e+00   0  i  0.00 1
1023977  56556.000   -11.00    3.7287e+01   2.5173e+00   0  i  0.00 1
1023977  56558.000    -9.00    4.5566e+01   2.9747e+00   0  i  0.00 1
1023977  56560.000    -7.00    5.3862e+01   3.3963e+00   0  i  0.00 1
1023977  56562.000    -5.00    5.8345e+01   3.5490e+00   0  i  0.00 1
1023977  56564.000    -3.00    6.1637e+01   3.6120e+00   0  i  0.00 1
1023977  56566.000    -1.00    6.3580e+01   3.5842e+00   0  i  0.00 1
1023977  56568.000     1.00    6.4423e+01   3.6318e+00   0  i  0.00 1
1023977  56570.000     3.00    6.4109e+01   3.7569e+00   0  i  0.00 1
1023977  56572.000     5.00    6.2030e+01   3.7732e+00   0  i  0.00 1
1023977  56574.000     7.00    5.9396e+01   3.7453e+00   0  i  0.00 1
1023977  56576.000     9.00    5.5642e+01   3.6325e+00   0  i  0.00 1
1023977  56578.000    11.00    5.1532e+01   3.4790e+00   0  i  0.00 1
1023977  56580.000    13.00    4.7259e+01   3.2957e+00   0  i  0.00 1
1023977  56582.000    15.00    4.2275e+01   3.0423e+00   0  i  0.00 1
1023977  56584.000    17.00    3.7827e+01   2.8065e+00   0  i  0.00 1
1023977  56586.000    19.00    3.4239e+01   2.6165e+00   0  i  0.00 1
1023977  56588.000    21.00    3.0897e+01   2.4300e+00   0  i  0.00 1
1023977  56590.000    23.00    2.7820e+01   2.2499e+00   0  i  0.00 1
1023977  56592.000    25.00    2.4779e+01   2.0592e+00   0  i  0.00 1
1023977  56594.000    27.00    2.2021e+01   1.8790e+00   0  i  0.00 1
1023977  56596.000    29.00    1.9502e+01   1.7075e+00   0  i  0.00 1
1023977  56598.000    31.00    1.7196e+01   1.5440e+00   0  i  0.00 1
1023977  56600.000    33.00    1.5122e+01   1.3914e+00   0  i  0.00 1
1023977  56602.000    35.00    1.3622e+01   1.2983e+00   0  i  0.00 1
1023977  56604.000    37.00    1.2362e+01   1.2195e+00   0  i  0.00 1
1023977  56606.000    39.00    1.1382e+01   1.1608e+00   0  i  0.00 1
1023977  56608.000    41.00    1.0456e+01   1.1013e+00   0  i  0.00 1
1023977  56610.000    43.00    9.5958e+00   1.0428e+00   0  i  0.00 1
1023977  56612.000    45.00    8.9117e+00   9.9823e-01   0  i  0.00 1
1023977  56614.000    47.00    8.2985e+00   9.5727e-01   0  i  0.00 1
1023977  56616.000    49.00    7.7660e+00   9.2179e-01   0  i  0.00 1
1023977  56618.000    51.00    7.2437e+00   8.8399e-01   0  i  0.00 1
1023977  56620.000    53.00    6.7422e+00   8.4532e-01   0  i  0.00 1
1023977  56622.000    55.00    6.1733e+00   7.9462e-01   0  i  0.00 1
1023977  56624.000    57.00    5.6891e+00   7.5129e-01   0  i  0.00 1
1023977  56626.000    59.00    5.2986e+00   7.1743e-01   0  i  0.00 1
1023977  56628.000    61.00    5.0564e+00   7.0153e-01   0  i  0.00 1
1023977  56630.000    63.00    4.8753e+00   6.9269e-01   0  i  0.00 1
1023977  56632.000    65.00    4.7757e+00   6.9450e-01   0  i  0.00 1
1023977  56634.000    67.00    4.6894e+00   6.9762e-01   0  i  0.00 1
1023977  56636.000    69.00    4.6204e+00   7.0279e-01   0  i  0.00 1
1023977  56638.000    71.00    4.5633e+00   7.0935e-01   0  i  0.00 1
1023977  56640.000    73.00    4.5073e+00   7.1571e-01   0  i  0.00 1
1023977  56642.000    75.00    4.4320e+00   7.1855e-01   0  i  0.00 1
1023977  56644.000    77.00    4.3543e+00   7.2051e-01   0  i  0.00 1
1023977  56646.000    79.00    4.2733e+00   7.2137e-01   0  i  0.00 1
1023977  56648.000    81.00    4.1783e+00   7.1930e-01   0  i  0.00 1
1023977  56650.000    83.00    4.0817e+00   7.1631e-01   0  i  0.00 1
1023977  56652.000    85.00    3.9877e+00   7.1313e-01   0  i  0.00 1
1023977  56654.000    87.00    3.8937e+00   7.0933e-01   0  i  0.00 1
1023977  56656.000    89.00    3.7994e+00   7.0486e-01   0  i  0.00 1
1023977  56658.000    91.00    3.7267e+00   7.0381e-01   0  i  0.00 1
1023977  56660.000    93.00    3.6613e+00   7.0370e-01   0  i  0.00 1
1023977  56662.000    95.00    3.6071e+00   7.0533e-01   0  i  0.00 1
1023977  56664.000    97.00    3.5537e+00   7.0676e-01   0  i  0.00 1
1023977  56666.000    99.00    3.5011e+00   7.0799e-01   0  i  0.00 1
1023977  56668.000   101.00    3.4543e+00   7.1007e-01   0  i  0.00 1
1023977  56670.000   103.00    3.4088e+00   7.1211e-01   0  i  0.00 1
1023977  56672.000   105.00    3.3636e+00   7.1390e-01   0  i  0.00 1
1023977  56674.000   107.00    3.3211e+00   7.1598e-01   0  i  0.00 1
1023977  56676.000   109.00    3.2807e+00   7.1822e-01   0  i  0.00 1
1023977  56678.000   111.00    3.2246e+00   7.1673e-01   0  i  0.00 1
1023977  56680.000   113.00    3.1675e+00   7.1462e-01   0  i  0.00 1
1023977  56682.000   115.00    3.1103e+00   7.1210e-01   0  i  0.00 1
1023977  56684.000   117.00    3.0541e+00   7.0943e-01   0  i  0.00 1
1023977  56686.000   119.00    2.9989e+00   7.0663e-01   0  i  0.00 1
1023977  56688.000   121.00    2.9442e+00   7.0357e-01   0  i  0.00 1
1023977  56690.000   123.00    2.8907e+00   7.0045e-01   0  i  0.00 1
1023977  56692.000   125.00    2.8379e+00   6.9715e-01   0  i  0.00 1
1023977  56694.000   127.00    3.3159e-01   8.2564e-02   0  i  0.00 1
1023977  56696.000   129.00    0.0000e+00   0.0000e+00   0  i  0.00 1
1023977  56698.000   131.00    0.0000e+00   0.0000e+00   0  i  0.00 1
1023977  56700.000   133.00    0.0000e+00   0.0000e+00   0  i  0.00 1
1023977  56702.000   135.00    0.0000e+00   0.0000e+00   0  i  0.00 1
1023977  56704.000   137.00    0.0000e+00   0.0000e+00   0  i  0.00 1
1023977  56706.000   139.00    0.0000e+00   0.0000e+00   0  i  0.00 1
1023977  56534.234   -32.77   -1.2530e+01   1.1140e+01  -1  r  1.27 1
1023977  56536.242   -30.76    2.7400e+01   2.7480e+01  -1  r  0.99 1
1023977  56547.242   -19.76    1.1620e+01   8.9550e+00  -1  r  0.01 1
1023977  56551.234   -15.77   -1.0750e+01   2.1600e+01  -1  r  2.79 1
1023977  56559.223    -7.78   -5.3620e+00   1.6230e+01  -1  r  15.41 1
1023977  56563.246    -3.75    2.4170e+00   9.6770e+00  -1  r  41.73 1
1023977  56567.188     0.19    3.2620e+00   8.8700e+00  -1  r  49.75 1
1023977  56575.164     8.16   -1.9510e+00   1.1150e+01  -1  r  25.32 1
1023977  56579.156    12.16    2.4280e+01   1.3560e+01  -1  r  2.56 1
1023977  56590.312    23.31    3.8680e+01   1.6040e+01   1  r  1.36 1
1023977  56602.094    35.09    8.3190e+00   1.1200e+01   1  r  0.00 1
1023977  56606.082    39.08   -1.4810e+01   1.7800e+01   1  r  1.35 1
1023977  56609.086    42.09    6.9530e+00   1.3340e+01   1  r  0.02 1
1023977  56616.074    49.07   -4.0010e+01   1.8150e+01   1  r  5.86 1
1023977  56625.215    58.21    5.6220e+00   9.9730e+00   1  r  0.05 1
1023977  56629.039    62.04    1.7570e+01   1.0680e+01   1  r  1.83 1
1023977  56636.043    69.04    8.9660e+00   1.0780e+01   1  r  0.32 1
1023977  56645.137    78.14    2.1600e+01   1.2760e+01   1  r  2.22 1
1023977  56649.133    82.13   -2.1790e+00   9.8650e+00   1  r  0.22 1
1023977  56653.148    86.15    9.5640e+00   1.0690e+01   1  r  0.45 1
1023977  56660.062    93.06    9.7200e+00   9.5820e+00   1  r  0.61 1
1023977  56676.059   109.06    1.3440e+01   1.0930e+01   1  r  1.13 1
1023977  56690.066   123.07    5.1590e+00   1.0600e+01   1  r  0.12 1
1023977  56697.039   130.04    1.8090e+00   1.4090e+01  -1  r  0.02 1
1023977  56508.000   -59.00    0.0000e+00   0.0000e+00   0  r  0.00 1
1023977  56510.000   -57.00    0.0000e+00   0.0000e+00   0  r  0.00 1
1023977  56512.000   -55.00    0.0000e+00   0.0000e+00   0  r  0.00 1
1023977  56514.000   -53.00    0.0000e+00   0.0000e+00   0  r  0.00 1
1023977  56516.000   -51.00    0.0000e+00   0.0000e+00   0  r  0.00 1
1023977  56518.000   -49.00    0.0000e+00   0.0000e+00   0  r  0.00 1
1023977  56520.000   -47.00    0.0000e+00   0.0000e+00   0  r  0.00 1
1023977  56522.000   -45.00    0.0000e+00   0.0000e+00   0  r  0.00 1
1023977  56524.000   -43.00    0.0000e+00   0.0000e+00   0  r  0.00 1
1023977  56526.000   -41.00    0.0000e+00   0.0000e+00   0  r  0.00 1
1023977  56528.000   -39.00    0.0000e+00   0.0000e+00   0  r  0.00 1
1023977  56530.000   -37.00    0.0000e+00   0.0000e+00   0  r  0.00 1
1023977  56532.000   -35.00    0.0000e+00   0.0000e+00   0  r  0.00 1
1023977  56534.000   -33.00    0.0000e+00   0.0000e+00   0  r  0.00 1
1023977  56536.000   -31.00    0.0000e+00   0.0000e+00   0  r  0.00 1
1023977  56538.000   -29.00    3.3144e-02   9.1576e-03   0  r  0.00 1
1023977  56540.000   -27.00    4.5890e-01   1.2679e-01   0  r  0.00 1
1023977  56542.000   -25.00    1.9839e+00   5.4815e-01   0  r  0.00 1
1023977  56544.000   -23.00    5.3817e+00   1.4870e+00   0  r  0.00 1
1023977  56546.000   -21.00    9.1403e+00   2.5255e+00   0  r  0.00 1
1023977  56548.000   -19.00    1.4489e+01   4.0033e+00   0  r  0.00 1
1023977  56550.000   -17.00    2.0912e+01   5.7780e+00   0  r  0.00 1
1023977  56552.000   -15.00    2.8484e+01   2.0499e+00   0  r  0.00 1
1023977  56554.000   -13.00    3.7816e+01   2.6372e+00   0  r  0.00 1
1023977  56556.000   -11.00    4.7145e+01   3.1828e+00   0  r  0.00 1
1023977  56558.000    -9.00    5.6002e+01   3.6560e+00   0  r  0.00 1
1023977  56560.000    -7.00    6.2864e+01   3.9639e+00   0  r  0.00 1
1023977  56562.000    -5.00    6.7745e+01   4.1208e+00   0  r  0.00 1
1023977  56564.000    -3.00    7.1628e+01   4.1974e+00   0  r  0.00 1
1023977  56566.000    -1.00    7.1945e+01   4.0558e+00   0  r  0.00 1
1023977  56568.000     1.00    7.0762e+01   3.9891e+00   0  r  0.00 1
1023977  56570.000     3.00    6.8146e+01   3.9934e+00   0  r  0.00 1
1023977  56572.000     5.00    6.4251e+01   3.9083e+00   0  r  0.00 1
1023977  56574.000     7.00    6.0073e+01   3.7880e+00   0  r  0.00 1
1023977  56576.000     9.00    5.5106e+01   3.5975e+00   0  r  0.00 1
1023977  56578.000    11.00    4.9769e+01   3.3599e+00   0  r  0.00 1
1023977  56580.000    13.00    4.4353e+01   3.0931e+00   0  r  0.00 1
1023977  56582.000    15.00    3.8930e+01   2.8016e+00   0  r  0.00 1
1023977  56584.000    17.00    3.3878e+01   2.5135e+00   0  r  0.00 1
1023977  56586.000    19.00    2.8830e+01   2.2032e+00   0  r  0.00 1
1023977  56588.000    21.00    2.4340e+01   1.9143e+00   0  r  0.00 1
1023977  56590.000    23.00    2.0431e+01   1.6523e+00   0  r  0.00 1
1023977  56592.000    25.00    1.7140e+01   1.4243e+00   0  r  0.00 1
1023977  56594.000    27.00    1.4397e+01   1.2285e+00   0  r  0.00 1
1023977  56596.000    29.00    1.2133e+01   1.0623e+00   0  r  0.00 1
1023977  56598.000    31.00    1.0360e+01   9.3016e-01   0  r  0.00 1
1023977  56600.000    33.00    8.9191e+00   8.2066e-01   0  r  0.00 1
1023977  56602.000    35.00    7.7190e+00   7.3568e-01   0  r  0.00 1
1023977  56604.000    37.00    6.7131e+00   6.6224e-01   0  r  0.00 1
1023977  56606.000    39.00    5.9020e+00   6.0195e-01   0  r  0.00 1
1023977  56608.000    41.00    5.3147e+00   5.5980e-01   0  r  0.00 1
1023977  56610.000    43.00    4.8475e+00   5.2679e-01   0  r  0.00 1
1023977  56612.000    45.00    4.5032e+00   5.0442e-01   0  r  0.00 1
1023977  56614.000    47.00    4.1999e+00   4.8448e-01   0  r  0.00 1
1023977  56616.000    49.00    3.9460e+00   4.6837e-01   0  r  0.00 1
1023977  56618.000    51.00    3.7425e+00   4.5672e-01   0  r  0.00 1
1023977  56620.000    53.00    3.5671e+00   4.4724e-01   0  r  0.00 1
1023977  56622.000    55.00    3.4699e+00   4.4664e-01   0  r  0.00 1
1023977  56624.000    57.00    3.3750e+00   4.4571e-01   0  r  0.00 1
1023977  56626.000    59.00    3.2819e+00   4.4437e-01   0  r  0.00 1
1023977  56628.000    61.00    3.1745e+00   4.4044e-01   0  r  0.00 1
1023977  56630.000    63.00    3.0659e+00   4.3561e-01   0  r  0.00 1
1023977  56632.000    65.00    2.9771e+00   4.3295e-01   0  r  0.00 1
1023977  56634.000    67.00    2.8995e+00   4.3134e-01   0  r  0.00 1
1023977  56636.000    69.00    2.8350e+00   4.3123e-01   0  r  0.00 1
1023977  56638.000    71.00    2.7759e+00   4.3150e-01   0  r  0.00 1
1023977  56640.000    73.00    2.7184e+00   4.3165e-01   0  r  0.00 1
1023977  56642.000    75.00    2.6585e+00   4.3102e-01   0  r  0.00 1
1023977  56644.000    77.00    2.6004e+00   4.3029e-01   0  r  0.00 1
1023977  56646.000    79.00    2.5443e+00   4.2950e-01   0  r  0.00 1
1023977  56648.000    81.00    2.4985e+00   4.3012e-01   0  r  0.00 1
1023977  56650.000    83.00    2.4556e+00   4.3094e-01   0  r  0.00 1
1023977  56652.000    85.00    2.4135e+00   4.3161e-01   0  r  0.00 1
1023977  56654.000    87.00    2.3718e+00   4.3208e-01   0  r  0.00 1
1023977  56656.000    89.00    2.3313e+00   4.3249e-01   0  r  0.00 1
1023977  56658.000    91.00    2.2829e+00   4.3113e-01   0  r  0.00 1
1023977  56660.000    93.00    2.2323e+00   4.2905e-01   0  r  0.00 1
1023977  56662.000    95.00    2.1767e+00   4.2563e-01   0  r  0.00 1
1023977  56664.000    97.00    2.1229e+00   4.2219e-01   0  r  0.00 1
1023977  56666.000    99.00    2.0703e+00   4.1866e-01   0  r  0.00 1
1023977  56668.000   101.00    2.0171e+00   4.1463e-01   0  r  0.00 1
1023977  56670.000   103.00    1.9646e+00   4.1042e-01   0  r  0.00 1
1023977  56672.000   105.00    1.9128e+00   4.0599e-01   0  r  0.00 1
1023977  56674.000   107.00    1.8611e+00   4.0122e-01   0  r  0.00 1
1023977  56676.000   109.00    1.8098e+00   3.9622e-01   0  r  0.00 1
1023977  56678.000   111.00    1.7673e+00   3.9282e-01   0  r  0.00 1
1023977  56680.000   113.00    1.7266e+00   3.8954e-01   0  r  0.00 1
1023977  56682.000   115.00    1.6876e+00   3.8638e-01   0  r  0.00 1
1023977  56684.000   117.00    1.6489e+00   3.8303e-01   0  r  0.00 1
1023977  56686.000   119.00    1.6106e+00   3.7952e-01   0  r  0.00 1
1023977  56688.000   121.00    1.5734e+00   3.7600e-01   0  r  0.00 1
1023977  56690.000   123.00    1.5366e+00   3.7234e-01   0  r  0.00 1
1023977  56692.000   125.00    1.5001e+00   3.6851e-01   0  r  0.00 1
1023977  56694.000   127.00    2.2478e-01   5.5969e-02   0  r  0.00 1
1023977  56696.000   129.00    0.0000e+00   0.0000e+00   0  r  0.00 1
1023977  56698.000   131.00    0.0000e+00   0.0000e+00   0  r  0.00 1
1023977  56700.000   133.00    0.0000e+00   0.0000e+00   0  r  0.00 1
1023977  56702.000   135.00    0.0000e+00   0.0000e+00   0  r  0.00 1
1023977  56704.000   137.00    0.0000e+00   0.0000e+00   0  r  0.00 1
1023977  56706.000   139.00    0.0000e+00   0.0000e+00   0  r  0.00 1
1023977  56536.254   -30.75   -3.8480e+01   6.5050e+01  -1  z  0.35 1
1023977  56537.227   -29.77   -1.5280e+01   2.4170e+01  -1  z  0.40 1
1023977  56543.289   -23.71    1.1870e+01   1.3310e+01  -1  z  0.49 1
1023977  56547.246   -19.75    8.8640e+00   1.3580e+01  -1  z  0.00 1
1023977  56551.238   -15.76   -2.4360e+01   2.4840e+01  -1  z  2.86 1
1023977  56559.227    -7.77    1.9880e+01   1.7600e+01  -1  z  1.58 1
1023977  56563.250    -3.75    2.2650e+01   1.2730e+01  -1  z  5.25 1
1023977  56567.191     0.19   -1.1430e+00   1.3230e+01  -1  z  18.97 1
1023977  56575.172     8.17    2.0150e+01   1.3470e+01  -1  z  6.81 1
1023977  56579.160    12.16    1.2730e+01   1.5780e+01  -1  z  5.92 1
1023977  56590.316    23.32    1.0120e+01   2.0850e+01   1  z  1.41 1
1023977  56594.125    27.12    1.3050e+02   2.5820e+01   1  z  14.71 1
1023977  56602.098    35.10    1.2240e+01   1.3390e+01   1  z  0.85 1
1023977  56606.090    39.09    1.6560e+02   3.9030e+01  -1  z  13.52 1
1023977  56609.090    42.09    2.6990e+01   1.5820e+01   1  z  0.22 1
1023977  56616.078    49.08    3.9870e+01   2.8750e+01   1  z  0.76 1
1023977  56625.219    58.22    1.8450e+01   1.3540e+01   1  z  0.30 1
1023977  56629.047    62.05   -3.8590e+01   1.9150e+01   1  z  6.40 1
1023977  56636.051    69.05    1.7880e+01   1.3740e+01   1  z  0.45 1
1023977  56645.145    78.14    2.0560e+01   1.4020e+01   1  z  0.88 1
1023977  56649.141    82.14   -6.5150e+00   1.8500e+01   1  z  0.52 1
1023977  56653.152    86.15   -1.0820e+02   2.7600e+01  -1  z  17.21 1
1023977  56660.066    93.07    1.5300e+00   1.3730e+01   1  z  0.09 1
1023977  56669.051   102.05    3.7120e+01   1.9020e+01   1  z  2.86 1
1023977  56676.066   109.07    1.2670e+01   1.3590e+01   1  z  0.38 1
1023977  56683.047   116.05    3.9390e+00   2.0090e+01   1  z  0.00 1
1023977  56690.070   123.07    1.7430e+01   1.4080e+01   1  z  0.99 1
1023977  56697.043   130.04    1.4200e+01   1.5090e+01  -1  z  0.89 1
1023977  56508.000   -59.00    0.0000e+00   0.0000e+00   0  z  0.00 1
1023977  56510.000   -57.00    0.0000e+00   0.0000e+00   0  z  0.00 1
1023977  56512.000   -55.00    0.0000e+00   0.0000e+00   0  z  0.00 1
1023977  56514.000   -53.00    0.0000e+00   0.0000e+00   0  z  0.00 1
1023977  56516.000   -51.00    0.0000e+00   0.0000e+00   0  z  0.00 1
1023977  56518.000   -49.00    0.0000e+00   0.0000e+00   0  z  0.00 1
1023977  56520.000   -47.00    0.0000e+00   0.0000e+00   0  z  0.00 1
1023977  56522.000   -45.00    0.0000e+00   0.0000e+00   0  z  0.00 1
1023977  56524.000   -43.00    0.0000e+00   0.0000e+00   0  z  0.00 1
1023977  56526.000   -41.00    0.0000e+00   0.0000e+00   0  z  0.00 1
1023977  56528.000   -39.00    0.0000e+00   0.0000e+00   0  z  0.00 1
1023977  56530.000   -37.00    0.0000e+00   0.0000e+00   0  z  0.00 1
1023977  56532.000   -35.00    0.0000e+00   0.0000e+00   0  z  0.00 1
1023977  56534.000   -33.00    0.0000e+00   0.0000e+00   0  z  0.00 1
1023977  56536.000   -31.00    0.0000e+00   0.0000e+00   0  z  0.00 1
1023977  56538.000   -29.00    3.0141e-02   8.3280e-03   0  z  0.00 1
1023977  56540.000   -27.00    3.2635e-01   9.0170e-02   0  z  0.00 1
1023977  56542.000   -25.00    1.3208e+00   3.6494e-01   0  z  0.00 1
1023977  56544.000   -23.00    3.5869e+00   9.9106e-01   0  z  0.00 1
1023977  56546.000   -21.00    6.1859e+00   1.7092e+00   0  z  0.00 1
1023977  56548.000   -19.00    9.9467e+00   2.7483e+00   0  z  0.00 1
1023977  56550.000   -17.00    1.4541e+01   4.0177e+00   0  z  0.00 1
1023977  56552.000   -15.00    1.9786e+01   1.4239e+00   0  z  0.00 1
1023977  56554.000   -13.00    2.6122e+01   1.8217e+00   0  z  0.00 1
1023977  56556.000   -11.00    3.2249e+01   2.1772e+00   0  z  0.00 1
1023977  56558.000    -9.00    3.8633e+01   2.5221e+00   0  z  0.00 1
1023977  56560.000    -7.00    4.4685e+01   2.8176e+00   0  z  0.00 1
1023977  56562.000    -5.00    4.9636e+01   3.0193e+00   0  z  0.00 1
1023977  56564.000    -3.00    5.4200e+01   3.1762e+00   0  z  0.00 1
1023977  56566.000    -1.00    5.6781e+01   3.2009e+00   0  z  0.00 1
1023977  56568.000     1.00    5.8409e+01   3.2927e+00   0  z  0.00 1
1023977  56570.000     3.00    5.8998e+01   3.4574e+00   0  z  0.00 1
1023977  56572.000     5.00    5.8484e+01   3.5575e+00   0  z  0.00 1
1023977  56574.000     7.00    5.7581e+01   3.6308e+00   0  z  0.00 1
1023977  56576.000     9.00    5.5857e+01   3.6465e+00   0  z  0.00 1
1023977  56578.000    11.00    5.3629e+01   3.6205e+00   0  z  0.00 1
1023977  56580.000    13.00    5.1036e+01   3.5592e+00   0  z  0.00 1
1023977  56582.000    15.00    4.7859e+01   3.4442e+00   0  z  0.00 1
1023977  56584.000    17.00    4.4681e+01   3.3150e+00   0  z  0.00 1
1023977  56586.000    19.00    4.1358e+01   3.1606e+00   0  z  0.00 1
1023977  56588.000    21.00    3.8307e+01   3.0128e+00   0  z  0.00 1
1023977  56590.000    23.00    3.5491e+01   2.8703e+00   0  z  0.00 1
1023977  56592.000    25.00    3.3162e+01   2.7558e+00   0  z  0.00 1
1023977  56594.000    27.00    3.1077e+01   2.6518e+00   0  z  0.00 1
1023977  56596.000    29.00    2.9309e+01   2.5662e+00   0  z  0.00 1
1023977  56598.000    31.00    2.7738e+01   2.4905e+00   0  z  0.00 1
1023977  56600.000    33.00    2.6305e+01   2.4204e+00   0  z  0.00 1
1023977  56602.000    35.00    2.4861e+01   2.3695e+00   0  z  0.00 1
1023977  56604.000    37.00    2.3421e+01   2.3104e+00   0  z  0.00 1
1023977  56606.000    39.00    2.1910e+01   2.2346e+00   0  z  0.00 1
1023977  56608.000    41.00    2.0359e+01   2.1445e+00   0  z  0.00 1
1023977  56610.000    43.00    1.8852e+01   2.0487e+00   0  z  0.00 1
1023977  56612.000    45.00    1.7351e+01   1.9435e+00   0  z  0.00 1
1023977  56614.000    47.00    1.5979e+01   1.8433e+00   0  z  0.00 1
1023977  56616.000    49.00    1.4733e+01   1.7487e+00   0  z  0.00 1
1023977  56618.000    51.00    1.3666e+01   1.6677e+00   0  z  0.00 1
1023977  56620.000    53.00    1.2716e+01   1.5943e+00   0  z  0.00 1
1023977  56622.000    55.00    1.1998e+01   1.5444e+00   0  z  0.00 1
1023977  56624.000    57.00    1.1347e+01   1.4985e+00   0  z  0.00 1
1023977  56626.000    59.00    1.0773e+01   1.4586e+00   0  z  0.00 1
1023977  56628.000    61.00    1.0250e+01   1.4221e+00   0  z  0.00 1
1023977  56630.000    63.00    9.7625e+00   1.3871e+00   0  z  0.00 1
1023977  56632.000    65.00    9.3377e+00   1.3579e+00   0  z  0.00 1
1023977  56634.000    67.00    8.9495e+00   1.3314e+00   0  z  0.00 1
1023977  56636.000    69.00    8.6020e+00   1.3084e+00   0  z  0.00 1
1023977  56638.000    71.00    8.2916e+00   1.2889e+00   0  z  0.00 1
1023977  56640.000    73.00    8.0006e+00   1.2704e+00   0  z  0.00 1
1023977  56642.000    75.00    7.7297e+00   1.2532e+00   0  z  0.00 1
1023977  56644.000    77.00    7.4707e+00   1.2362e+00   0  z  0.00 1
1023977  56646.000    79.00    7.2217e+00   1.2191e+00   0  z  0.00 1
1023977  56648.000    81.00    6.9843e+00   1.2024e+00   0  z  0.00 1
1023977  56650.000    83.00    6.7546e+00   1.1854e+00   0  z  0.00 1
1023977  56652.000    85.00    6.5325e+00   1.1682e+00   0  z  0.00 1
1023977  56654.000    87.00    6.3195e+00   1.1512e+00   0  z  0.00 1
1023977  56656.000    89.00    6.1156e+00   1.1345e+00   0  z  0.00 1
1023977  56658.000    91.00    5.9096e+00   1.1161e+00   0  z  0.00 1
1023977  56660.000    93.00    5.7090e+00   1.0973e+00   0  z  0.00 1
1023977  56662.000    95.00    5.5167e+00   1.0787e+00   0  z  0.00 1
1023977  56664.000    97.00    5.3309e+00   1.0602e+00   0  z  0.00 1
1023977  56666.000    99.00    5.1504e+00   1.0415e+00   0  z  0.00 1
1023977  56668.000   101.00    4.9732e+00   1.0223e+00   0  z  0.00 1
1023977  56670.000   103.00    4.8026e+00   1.0033e+00   0  z  0.00 1
1023977  56672.000   105.00    4.6400e+00   9.8482e-01   0  z  0.00 1
1023977  56674.000   107.00    4.4837e+00   9.6663e-01   0  z  0.00 1
1023977  56676.000   109.00    4.3327e+00   9.4854e-01   0  z  0.00 1
1023977  56678.000   111.00    4.1860e+00   9.3041e-01   0  z  0.00 1
1023977  56680.000   113.00    4.0446e+00   9.1250e-01   0  z  0.00 1
1023977  56682.000   115.00    3.9073e+00   8.9458e-01   0  z  0.00 1
1023977  56684.000   117.00    3.7761e+00   8.7714e-01   0  z  0.00 1
1023977  56686.000   119.00    3.6506e+00   8.6019e-01   0  z  0.00 1
1023977  56688.000   121.00    3.5292e+00   8.4339e-01   0  z  0.00 1
1023977  56690.000   123.00    3.4110e+00   8.2653e-01   0  z  0.00 1
1023977  56692.000   125.00    3.2958e+00   8.0963e-01   0  z  0.00 1
1023977  56694.000   127.00    3.6188e-01   9.0105e-02   0  z  0.00 1
1023977  56696.000   129.00    0.0000e+00   0.0000e+00   0  z  0.00 1
1023977  56698.000   131.00    0.0000e+00   0.0000e+00   0  z  0.00 1
1023977  56700.000   133.00    0.0000e+00   0.0000e+00   0  z  0.00 1
1023977  56702.000   135.00    0.0000e+00   0.0000e+00   0  z  0.00 1
1023977  56704.000   137.00    0.0000e+00   0.0000e+00   0  z  0.00 1
1023977  56706.000   139.00    0.0000e+00   0.0000e+00   0  z  0.00 1
1023977  56536.246   -66.75   -1.2680e+01   2.8160e+01  -1  i  0.20 2
1023977  56537.227   -65.77   -1.4450e+01   1.5070e+01  -1  i  0.92 2
1023977  56543.285   -59.71    2.5230e+00   1.0500e+01  -1  i  0.06 2
1023977  56547.242   -55.76    1.3060e+00   1.0270e+01  -1  i  0.02 2
1023977  56551.234   -51.77   -2.5990e+01   1.9070e+01  -1  i  1.86 2
1023977  56559.223   -43.78   -1.6860e+00   1.6600e+01  -1  i  0.01 2
1023977  56563.246   -39.75   -4.0510e+00   9.7020e+00  -1  i  0.17 2
1023977  56567.188   -35.81    1.1240e+01   1.0450e+01  -1  i  1.16 2
1023977  56575.168   -27.83   -1.6920e+01   1.0930e+01  -1  i  2.40 2
1023977  56579.156   -23.84   -1.0140e+01   1.4930e+01  -1  i  2.66 2
1023977  56590.316   -12.68    7.0840e+00   2.1420e+01   1  i  1.06 2
1023977  56602.094    -0.91    1.0350e+01   9.3810e+00   1  i  0.19 2
1023977  56606.086     3.09    2.5430e+01   2.1970e+01   1  i  0.42 2
1023977  56609.086     6.09   -1.2020e+01   1.3200e+01   1  i  2.47 2
1023977  56616.078    13.08   -5.2310e-01   2.1120e+01   1  i  0.07 2
1023977  56625.215    22.21   -7.8850e+00   1.1410e+01   1  i  1.13 2
1023977  56629.043    26.04   -2.2320e+01   1.4090e+01   1  i  3.45 2
1023977  56636.047    33.05    3.8880e+00   1.0420e+01   1  i  0.00 2
1023977  56645.141    42.14    1.3700e+01   1.1840e+01   1  i  0.87 2
1023977  56660.066    57.07   -5.0390e+00   1.0740e+01   1  i  0.41 2
1023977  56676.062    73.06   -4.1740e+00   1.1170e+01   1  i  0.19 2
1023977  56683.043    80.04    3.6050e+00   1.2710e+01   1  i  0.06 2
1023977  56690.070    87.07   -8.9890e+00   1.2310e+01   1  i  0.58 2
1023977  56697.039    94.04    2.5790e+01   1.1900e+01  -1  i  4.58 2
1023977  56544.000   -59.00    0.0000e+00   0.0000e+00   0  i  0.00 2
1023977  56546.000   -57.00    0.0000e+00   0.0000e+00   0  i  0.00 2
1023977  56548.000   -55.00    0.0000e+00   0.0000e+00   0  i  0.00 2
1023977  56550.000   -53.00    0.0000e+00   0.0000e+00   0  i  0.00 2
1023977  56552.000   -51.00    0.0000e+00   0.0000e+00   0  i  0.00 2
1023977  56554.000   -49.00    0.0000e+00   0.0000e+00   0  i  0.00 2
1023977  56556.000   -47.00    0.0000e+00   0.0000e+00   0  i  0.00 2
1023977  56558.000   -45.00    0.0000e+00   0.0000e+00   0  i  0.00 2
1023977  56560.000   -43.00    0.0000e+00   0.0000e+00   0  i  0.00 2
1023977  56562.000   -41.00    0.0000e+00   0.0000e+00   0  i  0.00 2
1023977  56564.000   -39.00    0.0000e+00   0.0000e+00   0  i  0.00 2
1023977  56566.000   -37.00    0.0000e+00   0.0000e+00   0  i  0.00 2
1023977  56568.000   -35.00    0.0000e+00   0.0000e+00   0  i  0.00 2
1023977  56570.000   -33.00    0.0000e+00   0.0000e+00   0  i  0.00 2
1023977  56572.000   -31.00    0.0000e+00   0.0000e+00   0  i  0.00 2
1023977  56574.000   -29.00    0.0000e+00   0.0000e+00   0  i  0.00 2
1023977  56576.000   -27.00    0.0000e+00   0.0000e+00   0  i  0.00 2
1023977  56578.000   -25.00    9.7760e+00   7.4199e-01   0  i  0.00 2
1023977  56580.000   -23.00    1.6636e+01   1.2352e+00   0  i  0.00 2
1023977  56582.000   -21.00    2.3574e+01   1.7114e+00   0  i  0.00 2
1023977  56584.000   -19.00    2.7854e+01   1.9761e+00   0  i  0.00 2
1023977  56586.000   -17.00    3.0735e+01   2.1298e+00   0  i  0.00 2
1023977  56588.000   -15.00    3.1664e+01   2.1418e+00   0  i  0.00 2
1023977  56590.000   -13.00    2.9605e+01   1.9537e+00   0  i  0.00 2
1023977  56592.000   -11.00    2.6747e+01   1.7210e+00   0  i  0.00 2
1023977  56594.000    -9.00    2.3356e+01   1.4642e+00   0  i  0.00 2
1023977  56596.000    -7.00    2.1415e+01   1.3072e+00   0  i  0.00 2
1023977  56598.000    -5.00    1.9148e+01   1.1372e+00   0  i  0.00 2
1023977  56600.000    -3.00    1.6616e+01   9.5934e-01   0  i  0.00 2
1023977  56602.000    -1.00    1.4529e+01   8.1488e-01   0  i  0.00 2
1023977  56604.000     1.00    1.2770e+01   7.1623e-01   0  i  0.00 2
1023977  56606.000     3.00    1.1274e+01   6.5093e-01   0  i  0.00 2
1023977  56608.000     5.00    9.5799e+00   5.6893e-01   0  i  0.00 2
1023977  56610.000     7.00    8.0568e+00   4.9178e-01   0  i  0.00 2
1023977  56612.000     9.00    6.7217e+00   4.2139e-01   0  i  0.00 2
1023977  56614.000    11.00    5.7847e+00   3.7220e-01   0  i  0.00 2
1023977  56616.000    13.00    5.0975e+00   3.3640e-01   0  i  0.00 2
1023977  56618.000    15.00    4.6034e+00   3.1139e-01   0  i  0.00 2
1023977  56620.000    17.00    4.4908e+00   3.1119e-01   0  i  0.00 2
1023977  56622.000    19.00    4.4027e+00   3.1236e-01   0  i  0.00 2
1023977  56624.000    21.00    4.3247e+00   3.1396e-01   0  i  0.00 2
1023977  56626.000    23.00    4.1695e+00   3.0958e-01   0  i  0.00 2
1023977  56628.000    25.00    3.9664e+00   3.0105e-01   0  i  0.00 2
1023977  56630.000    27.00    3.7463e+00   2.9053e-01   0  i  0.00 2
1023977  56632.000    29.00    3.5853e+00   2.8396e-01   0  i  0.00 2
1023977  56634.000    31.00    3.4229e+00   2.7676e-01   0  i  0.00 2
1023977  56636.000    33.00    3.2635e+00   2.6925e-01   0  i  0.00 2
1023977  56638.000    35.00    3.1106e+00   2.6177e-01   0  i  0.00 2
1023977  56640.000    37.00    2.9594e+00   2.5393e-01   0  i  0.00 2
1023977  56642.000    39.00    2.8189e+00   2.4654e-01   0  i  0.00 2
1023977  56644.000    41.00    2.7154e+00   2.4197e-01   0  i  0.00 2
1023977  56646.000    43.00    2.6315e+00   2.3883e-01   0  i  0.00 2
1023977  56648.000    45.00    2.5567e+00   2.3627e-01   0  i  0.00 2
1023977  56650.000    47.00    2.4802e+00   2.3329e-01   0  i  0.00 2
1023977  56652.000    49.00    2.3843e+00   2.2821e-01   0  i  0.00 2
1023977  56654.000    51.00    2.2732e+00   2.2133e-01   0  i  0.00 2
1023977  56656.000    53.00    2.1328e+00   2.1119e-01   0  i  0.00 2
1023977  56658.000    55.00    1.9746e+00   1.9878e-01   0  i  0.00 2
1023977  56660.000    57.00    1.8165e+00   1.8586e-01   0  i  0.00 2
1023977  56662.000    59.00    1.6642e+00   1.7302e-01   0  i  0.00 2
1023977  56664.000    61.00    1.5193e+00   1.6047e-01   0  i  0.00 2
1023977  56666.000    63.00    1.3794e+00   1.4797e-01   0  i  0.00 2
1023977  56668.000    65.00    1.2369e+00   1.3472e-01   0  i  0.00 2
1023977  56670.000    67.00    1.0975e+00   1.2135e-01   0  i  0.00 2
1023977  56672.000    69.00    9.6944e-01   1.0880e-01   0  i  0.00 2
1023977  56674.000    71.00    8.5341e-01   9.7184e-02   0  i  0.00 2
1023977  56676.000    73.00    7.2986e-01   8.4319e-02   0  i  0.00 2
1023977  56678.000    75.00    6.2512e-01   7.3250e-02   0  i  0.00 2
1023977  56680.000    77.00    5.4551e-01   6.4823e-02   0  i  0.00 2
1023977  56682.000    79.00    5.0985e-01   6.1427e-02   0  i  0.00 2
1023977  56684.000    81.00    4.8319e-01   5.9014e-02   0  i  0.00 2
1023977  56686.000    83.00    4.5759e-01   5.6643e-02   0  i  0.00 2
1023977  56688.000    85.00    4.3307e-01   5.4322e-02   0  i  0.00 2
1023977  56690.000    87.00    4.0956e-01   5.2050e-02   0  i  0.00 2
1023977  56692.000    89.00    3.8690e-01   4.9809e-02   0  i  0.00 2
1023977  56694.000    91.00    3.6489e-01   4.7577e-02   0  i  0.00 2
1023977  56696.000    93.00    3.4387e-01   4.5405e-02   0  i  0.00 2
1023977  56698.000    95.00    3.2383e-01   4.3293e-02   0  i  0.00 2
1023977  56700.000    97.00    3.0426e-01   4.1179e-02   0  i  0.00 2
1023977  56702.000    99.00    2.8560e-01   3.9125e-02   0  i  0.00 2
1023977  56704.000   101.00    2.6779e-01   3.7128e-02   0  i  0.00 2
1023977  56706.000   103.00    2.5181e-01   3.5328e-02   0  i  0.00 2
1023977  56708.000   105.00    2.3755e-01   3.3720e-02   0  i  0.00 2
1023977  56710.000   107.00    2.2495e-01   3.2302e-02   0  i  0.00 2
1023977  56712.000   109.00    2.1277e-01   3.0905e-02   0  i  0.00 2
1023977  56714.000   111.00    2.0199e-01   2.9672e-02   0  i  0.00 2
1023977  56716.000   113.00    1.9258e-01   2.8607e-02   0  i  0.00 2
1023977  56718.000   115.00    1.8340e-01   2.7547e-02   0  i  0.00 2
1023977  56720.000   117.00    1.7465e-01   2.6521e-02   0  i  0.00 2
1023977  56722.000   119.00    1.6552e-01   2.5408e-02   0  i  0.00 2
1023977  56724.000   121.00    3.2030e-02   4.9697e-03   0  i  0.00 2
1023977  56726.000   123.00    0.0000e+00   0.0000e+00   0  i  0.00 2
1023977  56728.000   125.00    0.0000e+00   0.0000e+00   0  i  0.00 2
1023977  56730.000   127.00    0.0000e+00   0.0000e+00   0  i  0.00 2
1023977  56732.000   129.00    0.0000e+00   0.0000e+00   0  i  0.00 2
1023977  56734.000   131.00    0.0000e+00   0.0000e+00   0  i  0.00 2
1023977  56736.000   133.00    0.0000e+00   0.0000e+00   0  i  0.00 2
1023977  56738.000   135.00    0.0000e+00   0.0000e+00   0  i  0.00 2
1023977  56740.000   137.00    0.0000e+00   0.0000e+00   0  i  0.00 2
1023977  56742.000   139.00    0.0000e+00   0.0000e+00   0  i  0.00 2
1023977  56534.234   -68.77   -1.2530e+01   1.1140e+01  -1  r  1.27 2
1023977  56536.242   -66.76    2.7400e+01   2.7480e+01  -1  r  0.99 2
1023977  56547.242   -55.76    1.1620e+01   8.9550e+00  -1  r  1.68 2
1023977  56551.234   -51.77   -1.0750e+01   2.1600e+01  -1  r  0.25 2
1023977  56559.223   -43.78   -5.3620e+00   1.6230e+01  -1  r  0.11 2
1023977  56563.246   -39.75    2.4170e+00   9.6770e+00  -1  r  0.06 2
1023977  56567.188   -35.81    3.2620e+00   8.8700e+00  -1  r  0.14 2
1023977  56575.164   -27.84   -1.9510e+00   1.1150e+01  -1  r  0.03 2
1023977  56579.156   -23.84    2.4280e+01   1.3560e+01  -1  r  0.08 2
1023977  56590.312   -12.69    3.8680e+01   1.6040e+01   1  r  0.58 2
1023977  56602.094    -0.91    8.3190e+00   1.1200e+01   1  r  0.02 2
1023977  56606.082     3.08   -1.4810e+01   1.7800e+01   1  r  1.55 2
1023977  56609.086     6.09    6.9530e+00   1.3340e+01   1  r  0.00 2
1023977  56616.074    13.07   -4.0010e+01   1.8150e+01   1  r  6.11 2
1023977  56625.215    22.21    5.6220e+00   9.9730e+00   1  r  0.03 2
1023977  56629.039    26.04    1.7570e+01   1.0680e+01   1  r  1.70 2
1023977  56636.043    33.04    8.9660e+00   1.0780e+01   1  r  0.28 2
1023977  56645.137    42.14    2.1600e+01   1.2760e+01   1  r  2.15 2
1023977  56649.133    46.13   -2.1790e+00   9.8650e+00   1  r  0.25 2
1023977  56653.148    50.15    9.5640e+00   1.0690e+01   1  r  0.43 2
1023977  56660.062    57.06    9.7200e+00   9.5820e+00   1  r  0.59 2
1023977  56676.059    73.06    1.3440e+01   1.0930e+01   1  r  1.11 2
1023977  56690.066    87.07    5.1590e+00   1.0600e+01   1  r  0.11 2
1023977  56697.039    94.04    1.8090e+00   1.4090e+01  -1  r  0.00 2
1023977  56544.000   -59.00    0.0000e+00   0.0000e+00   0  r  0.00 2
1023977  56546.000   -57.00    0.0000e+00   0.0000e+00   0  r  0.00 2
1023977  56548.000   -55.00    0.0000e+00   0.0000e+00   0  r  0.00 2
1023977  56550.000   -53.00    0.0000e+00   0.0000e+00   0  r  0.00 2
1023977  56552.000   -51.00    0.0000e+00   0.0000e+00   0  r  0.00 2
1023977  56554.000   -49.00    0.0000e+00   0.0000e+00   0  r  0.00 2
1023977  56556.000   -47.00    0.0000e+00   0.0000e+00   0  r  0.00 2
1023977  56558.000   -45.00    0.0000e+00   0.0000e+00   0  r  0.00 2
1023977  56560.000   -43.00    0.0000e+00   0.0000e+00   0  r  0.00 2
1023977  56562.000   -41.00    0.0000e+00   0.0000e+00   0  r  0.00 2
1023977  56564.000   -39.00    0.0000e+00   0.0000e+00   0  r  0.00 2
1023977  56566.000   -37.00    0.0000e+00   0.0000e+00   0  r  0.00 2
1023977  56568.000   -35.00    0.0000e+00   0.0000e+00   0  r  0.00 2
1023977  56570.000   -33.00    0.0000e+00   0.0000e+00   0  r  0.00 2
1023977  56572.000   -31.00    0.0000e+00   0.0000e+00   0  r  0.00 2
1023977  56574.000   -29.00    0.0000e+00   0.0000e+00   0  r  0.00 2
1023977  56576.000   -27.00    0.0000e+00   0.0000e+00   0  r  0.00 2
1023977  56578.000   -25.00    1.6281e+01   1.2357e+00   0  r  0.00 2
1023977  56580.000   -23.00    2.2385e+01   1.6621e+00   0  r  0.00 2
1023977  56582.000   -21.00    2.7733e+01   2.0134e+00   0  r  0.00 2
1023977  56584.000   -19.00    3.0183e+01   2.1414e+00   0  r  0.00 2
1023977  56586.000   -17.00    3.0926e+01   2.1430e+00   0  r  0.00 2
1023977  56588.000   -15.00    2.9695e+01   2.0087e+00   0  r  0.00 2
1023977  56590.000   -13.00    2.6853e+01   1.7721e+00   0  r  0.00 2
1023977  56592.000   -11.00    2.3666e+01   1.5227e+00   0  r  0.00 2
1023977  56594.000    -9.00    2.0309e+01   1.2732e+00   0  r  0.00 2
1023977  56596.000    -7.00    1.6717e+01   1.0204e+00   0  r  0.00 2
1023977  56598.000    -5.00    1.3892e+01   8.2501e-01   0  r  0.00 2
1023977  56600.000    -3.00    1.1687e+01   6.7480e-01   0  r  0.00 2
1023977  56602.000    -1.00    9.9476e+00   5.5792e-01   0  r  0.00 2
1023977  56604.000     1.00    8.5318e+00   4.7851e-01   0  r  0.00 2
1023977  56606.000     3.00    7.3756e+00   4.2585e-01   0  r  0.00 2
1023977  56608.000     5.00    6.6222e+00   3.9328e-01   0  r  0.00 2
1023977  56610.000     7.00    6.0295e+00   3.6803e-01   0  r  0.00 2
1023977  56612.000     9.00    5.5626e+00   3.4872e-01   0  r  0.00 2
1023977  56614.000    11.00    5.1995e+00   3.3454e-01   0  r  0.00 2
1023977  56616.000    13.00    4.8865e+00   3.2247e-01   0  r  0.00 2
1023977  56618.000    15.00    4.6140e+00   3.1211e-01   0  r  0.00 2
1023977  56620.000    17.00    4.3668e+00   3.0260e-01   0  r  0.00 2
1023977  56622.000    19.00    4.1515e+00   2.9453e-01   0  r  0.00 2
1023977  56624.000    21.00    3.9639e+00   2.8777e-01   0  r  0.00 2
1023977  56626.000    23.00    3.8170e+00   2.8341e-01   0  r  0.00 2
1023977  56628.000    25.00    3.6894e+00   2.8003e-01   0  r  0.00 2
1023977  56630.000    27.00    3.5747e+00   2.7722e-01   0  r  0.00 2
1023977  56632.000    29.00    3.4658e+00   2.7450e-01   0  r  0.00 2
1023977  56634.000    31.00    3.3654e+00   2.7211e-01   0  r  0.00 2
1023977  56636.000    33.00    3.2713e+00   2.6990e-01   0  r  0.00 2
1023977  56638.000    35.00    3.1813e+00   2.6772e-01   0  r  0.00 2
1023977  56640.000    37.00    3.0963e+00   2.6568e-01   0  r  0.00 2
1023977  56642.000    39.00    3.0144e+00   2.6363e-01   0  r  0.00 2
1023977  56644.000    41.00    2.9317e+00   2.6124e-01   0  r  0.00 2
1023977  56646.000    43.00    2.8487e+00   2.5854e-01   0  r  0.00 2
1023977  56648.000    45.00    2.7672e+00   2.5572e-01   0  r  0.00 2
1023977  56650.000    47.00    2.6896e+00   2.5299e-01   0  r  0.00 2
1023977  56652.000    49.00    2.6151e+00   2.5030e-01   0  r  0.00 2
1023977  56654.000    51.00    2.5450e+00   2.4779e-01   0  r  0.00 2
1023977  56656.000    53.00    2.4827e+00   2.4582e-01   0  r  0.00 2
1023977  56658.000    55.00    2.4242e+00   2.4403e-01   0  r  0.00 2
1023977  56660.000    57.00    2.3674e+00   2.4223e-01   0  r  0.00 2
1023977  56662.000    59.00    2.3110e+00   2.4027e-01   0  r  0.00 2
1023977  56664.000    61.00    2.2557e+00   2.3825e-01   0  r  0.00 2
1023977  56666.000    63.00    2.2015e+00   2.3616e-01   0  r  0.00 2
1023977  56668.000    65.00    2.1478e+00   2.3395e-01   0  r  0.00 2
1023977  56670.000    67.00    2.0931e+00   2.3145e-01   0  r  0.00 2
1023977  56672.000    69.00    2.0387e+00   2.2880e-01   0  r  0.00 2
1023977  56674.000    71.00    1.9839e+00   2.2592e-01   0  r  0.00 2
1023977  56676.000    73.00    1.9297e+00   2.2293e-01   0  r  0.00 2
1023977  56678.000    75.00    1.8759e+00   2.1981e-01   0  r  0.00 2
1023977  56680.000    77.00    1.8220e+00   2.1651e-01   0  r  0.00 2
1023977  56682.000    79.00    1.7698e+00   2.1323e-01   0  r  0.00 2
1023977  56684.000    81.00    1.7190e+00   2.0995e-01   0  r  0.00 2
1023977  56686.000    83.00    1.6697e+00   2.0668e-01   0  r  0.00 2
1023977  56688.000    85.00    1.6206e+00   2.0328e-01   0  r  0.00 2
1023977  56690.000    87.00    1.5734e+00   1.9996e-01   0  r  0.00 2
1023977  56692.000    89.00    1.5287e+00   1.9680e-01   0  r  0.00 2
1023977  56694.000    91.00    1.4848e+00   1.9361e-01   0  r  0.00 2
1023977  56696.000    93.00    1.4422e+00   1.9043e-01   0  r  0.00 2
1023977  56698.000    95.00    1.4009e+00   1.8728e-01   0  r  0.00 2
1023977  56700.000    97.00    1.3599e+00   1.8406e-01   0  r  0.00 2
1023977  56702.000    99.00    1.3204e+00   1.8089e-01   0  r  0.00 2
1023977  56704.000   101.00    1.2826e+00   1.7782e-01   0  r  0.00 2
1023977  56706.000   103.00    1.2451e+00   1.7468e-01   0  r  0.00 2
1023977  56708.000   105.00    1.2089e+00   1.7160e-01   0  r  0.00 2
1023977  56710.000   107.00    1.1742e+00   1.6862e-01   0  r  0.00 2
1023977  56712.000   109.00    1.1399e+00   1.6557e-01   0  r  0.00 2
1023977  56714.000   111.00    1.1068e+00   1.6259e-01   0  r  0.00 2
1023977  56716.000   113.00    1.0752e+00   1.5972e-01   0  r  0.00 2
1023977  56718.000   115.00    1.0437e+00   1.5676e-01   0  r  0.00 2
1023977  56720.000   117.00    1.0131e+00   1.5384e-01   0  r  0.00 2
1023977  56722.000   119.00    9.7526e-01   1.4971e-01   0  r  0.00 2
1023977  56724.000   121.00    5.7143e-02   8.8660e-03   0  r  0.00 2
1023977  56726.000   123.00    0.0000e+00   0.0000e+00   0  r  0.00 2
1023977  56728.000   125.00    0.0000e+00   0.0000e+00   0  r  0.00 2
1023977  56730.000   127.00    0.0000e+00   0.0000e+00   0  r  0.00 2
1023977  56732.000   129.00    0.0000e+00   0.0000e+00   0  r  0.00 2
1023977  56734.000   131.00    0.0000e+00   0.0000e+00   0  r  0.00 2
1023977  56736.000   133.00    0.0000e+00   0.0000e+00   0  r  0.00 2
1023977  56738.000   135.00    0.0000e+00   0.0000e+00   0  r  0.00 2
1023977  56740.000   137.00    0.0000e+00   0.0000e+00   0  r  0.00 2
1023977  56742.000   139.00    0.0000e+00   0.0000e+00   0  r  0.00 2
1023977  56536.254   -66.75   -3.8480e+01   6.5050e+01  -1  z  0.35 2
1023977  56537.227   -65.77   -1.5280e+01   2.4170e+01  -1  z  0.40 2
1023977  56543.289   -59.71    1.1870e+01   1.3310e+01  -1  z  0.80 2
1023977  56547.246   -55.75    8.8640e+00   1.3580e+01  -1  z  0.43 2
1023977  56551.238   -51.76   -2.4360e+01   2.4840e+01  -1  z  0.96 2
1023977  56559.227   -43.77    1.9880e+01   1.7600e+01  -1  z  1.28 2
1023977  56563.250   -39.75    2.2650e+01   1.2730e+01  -1  z  3.17 2
1023977  56567.191   -35.81   -1.1430e+00   1.3230e+01  -1  z  0.01 2
1023977  56575.172   -27.83    2.0150e+01   1.3470e+01  -1  z  2.24 2
1023977  56579.160   -23.84    1.2730e+01   1.5780e+01  -1  z  0.15 2
1023977  56590.316   -12.68    1.0120e+01   2.0850e+01   1  z  1.94 2
1023977  56594.125    -8.88    1.3050e+02   2.5820e+01   1  z  12.10 2
1023977  56602.098    -0.90    1.2240e+01   1.3390e+01   1  z  1.15 2
1023977  56606.090     3.09    1.6560e+02   3.9030e+01  -1  z  13.64 2
1023977  56609.090     6.09    2.6990e+01   1.5820e+01   1  z  0.27 2
1023977  56616.078    13.08    3.9870e+01   2.8750e+01   1  z  0.77 2
1023977  56625.219    22.22    1.8450e+01   1.3540e+01   1  z  0.35 2
1023977  56629.047    26.05   -3.8590e+01   1.9150e+01   1  z  6.32 2
1023977  56636.051    33.05    1.7880e+01   1.3740e+01   1  z  0.47 2
1023977  56645.145    42.14    2.0560e+01   1.4020e+01   1  z  0.91 2
1023977  56649.141    46.14   -6.5150e+00   1.8500e+01   1  z  0.50 2
1023977  56653.152    50.15   -1.0820e+02   2.7600e+01  -1  z  17.16 2
1023977  56660.066    57.07    1.5300e+00   1.3730e+01   1  z  0.09 2
1023977  56669.051    66.05    3.7120e+01   1.9020e+01   1  z  2.78 2
1023977  56676.066    73.07    1.2670e+01   1.3590e+01   1  z  0.30 2
1023977  56683.047    80.05    3.9390e+00   2.0090e+01   1  z  0.00 2
1023977  56690.070    87.07    1.7430e+01   1.4080e+01   1  z  0.86 2
1023977  56697.043    94.04    1.4200e+01   1.5090e+01  -1  z  0.47 2
1023977  56544.000   -59.00    0.0000e+00   0.0000e+00   0  z  0.00 2
1023977  56546.000   -57.00    0.0000e+00   0.0000e+00   0  z  0.00 2
1023977  56548.000   -55.00    0.0000e+00   0.0000e+00   0  z  0.00 2
1023977  56550.000   -53.00    0.0000e+00   0.0000e+00   0  z  0.00 2
1023977  56552.000   -51.00    0.0000e+00   0.0000e+00   0  z  0.00 2
1023977  56554.000   -49.00    0.0000e+00   0.0000e+00   0  z  0.00 2
1023977  56556.000   -47.00    0.0000e+00   0.0000e+00   0  z  0.00 2
1023977  56558.000   -45.00    0.0000e+00   0.0000e+00   0  z  0.00 2
1023977  56560.000   -43.00    0.0000e+00   0.0000e+00   0  z  0.00 2
1023977  56562.000   -41.00    0.0000e+00   0.0000e+00   0  z  0.00 2
1023977  56564.000   -39.00    0.0000e+00   0.0000e+00   0  z  0.00 2
1023977  56566.000   -37.00    0.0000e+00   0.0000e+00   0  z  0.00 2
1023977  56568.000   -35.00    0.0000e+00   0.0000e+00   0  z  0.00 2
1023977  56570.000   -33.00    0.0000e+00   0.0000e+00   0  z  0.00 2
1023977  56572.000   -31.00    0.0000e+00   0.0000e+00   0  z  0.00 2
1023977  56574.000   -29.00    0.0000e+00   0.0000e+00   0  z  0.00 2
1023977  56576.000   -27.00    0.0000e+00   0.0000e+00   0  z  0.00 2
1023977  56578.000   -25.00    1.6392e+01   1.2442e+00   0  z  0.00 2
1023977  56580.000   -23.00    2.0370e+01   1.5125e+00   0  z  0.00 2
1023977  56582.000   -21.00    2.4704e+01   1.7934e+00   0  z  0.00 2
1023977  56584.000   -19.00    2.9075e+01   2.0628e+00   0  z  0.00 2
1023977  56586.000   -17.00    3.3266e+01   2.3052e+00   0  z  0.00 2
1023977  56588.000   -15.00    3.6779e+01   2.4879e+00   0  z  0.00 2
1023977  56590.000   -13.00    3.9041e+01   2.5764e+00   0  z  0.00 2
1023977  56592.000   -11.00    4.0305e+01   2.5933e+00   0  z  0.00 2
1023977  56594.000    -9.00    4.0353e+01   2.5298e+00   0  z  0.00 2
1023977  56596.000    -7.00    3.6796e+01   2.2460e+00   0  z  0.00 2
1023977  56598.000    -5.00    3.3401e+01   1.9836e+00   0  z  0.00 2
1023977  56600.000    -3.00    3.0286e+01   1.7486e+00   0  z  0.00 2
1023977  56602.000    -1.00    2.6834e+01   1.5050e+00   0  z  0.00 2
1023977  56604.000     1.00    2.3929e+01   1.3421e+00   0  z  0.00 2
1023977  56606.000     3.00    2.1490e+01   1.2408e+00   0  z  0.00 2
1023977  56608.000     5.00    1.9693e+01   1.1695e+00   0  z  0.00 2
1023977  56610.000     7.00    1.8200e+01   1.1109e+00   0  z  0.00 2
1023977  56612.000     9.00    1.6950e+01   1.0626e+00   0  z  0.00 2
1023977  56614.000    11.00    1.5805e+01   1.0169e+00   0  z  0.00 2
1023977  56616.000    13.00    1.4746e+01   9.7314e-01   0  z  0.00 2
1023977  56618.000    15.00    1.3753e+01   9.3031e-01   0  z  0.00 2
1023977  56620.000    17.00    1.2626e+01   8.7495e-01   0  z  0.00 2
1023977  56622.000    19.00    1.1654e+01   8.2682e-01   0  z  0.00 2
1023977  56624.000    21.00    1.0818e+01   7.8538e-01   0  z  0.00 2
1023977  56626.000    23.00    1.0219e+01   7.5873e-01   0  z  0.00 2
1023977  56628.000    25.00    9.7634e+00   7.4104e-01   0  z  0.00 2
1023977  56630.000    27.00    9.3981e+00   7.2883e-01   0  z  0.00 2
1023977  56632.000    29.00    9.0407e+00   7.1604e-01   0  z  0.00 2
1023977  56634.000    31.00    8.7161e+00   7.0472e-01   0  z  0.00 2
1023977  56636.000    33.00    8.4163e+00   6.9438e-01   0  z  0.00 2
1023977  56638.000    35.00    8.1395e+00   6.8499e-01   0  z  0.00 2
1023977  56640.000    37.00    7.8813e+00   6.7627e-01   0  z  0.00 2
1023977  56642.000    39.00    7.6285e+00   6.6717e-01   0  z  0.00 2
1023977  56644.000    41.00    7.3458e+00   6.5458e-01   0  z  0.00 2
1023977  56646.000    43.00    7.0586e+00   6.4064e-01   0  z  0.00 2
1023977  56648.000    45.00    6.7777e+00   6.2633e-01   0  z  0.00 2
1023977  56650.000    47.00    6.5145e+00   6.1277e-01   0  z  0.00 2
1023977  56652.000    49.00    6.2858e+00   6.0164e-01   0  z  0.00 2
1023977  56654.000    51.00    6.0870e+00   5.9266e-01   0  z  0.00 2
1023977  56656.000    53.00    5.9364e+00   5.8780e-01   0  z  0.00 2
1023977  56658.000    55.00    5.8259e+00   5.8647e-01   0  z  0.00 2
1023977  56660.000    57.00    5.7306e+00   5.8635e-01   0  z  0.00 2
1023977  56662.000    59.00    5.6353e+00   5.8590e-01   0  z  0.00 2
1023977  56664.000    61.00    5.5473e+00   5.8591e-01   0  z  0.00 2
1023977  56666.000    63.00    5.4692e+00   5.8669e-01   0  z  0.00 2
1023977  56668.000    65.00    5.4120e+00   5.8950e-01   0  z  0.00 2
1023977  56670.000    67.00    5.3619e+00   5.9289e-01   0  z  0.00 2
1023977  56672.000    69.00    5.3137e+00   5.9634e-01   0  z  0.00 2
1023977  56674.000    71.00    5.2660e+00   5.9967e-01   0  z  0.00 2
1023977  56676.000    73.00    5.2360e+00   6.0490e-01   0  z  0.00 2
1023977  56678.000    75.00    5.1918e+00   6.0837e-01   0  z  0.00 2
1023977  56680.000    77.00    5.1088e+00   6.0708e-01   0  z  0.00 2
1023977  56682.000    79.00    4.9545e+00   5.9693e-01   0  z  0.00 2
1023977  56684.000    81.00    4.7925e+00   5.8532e-01   0  z  0.00 2
1023977  56686.000    83.00    4.6387e+00   5.7420e-01   0  z  0.00 2
1023977  56688.000    85.00    4.4858e+00   5.6268e-01   0  z  0.00 2
1023977  56690.000    87.00    4.3387e+00   5.5139e-01   0  z  0.00 2
1023977  56692.000    89.00    4.1984e+00   5.4049e-01   0  z  0.00 2
1023977  56694.000    91.00    4.0629e+00   5.2976e-01   0  z  0.00 2
1023977  56696.000    93.00    3.9330e+00   5.1931e-01   0  z  0.00 2
1023977  56698.000    95.00    3.8096e+00   5.0931e-01   0  z  0.00 2
1023977  56700.000    97.00    3.6860e+00   4.9888e-01   0  z  0.00 2
1023977  56702.000    99.00    3.5671e+00   4.8867e-01   0  z  0.00 2
1023977  56704.000   101.00    3.4543e+00   4.7892e-01   0  z  0.00 2
1023977  56706.000   103.00    3.3475e+00   4.6964e-01   0  z  0.00 2
1023977  56708.000   105.00    3.2431e+00   4.6035e-01   0  z  0.00 2
1023977  56710.000   107.00    3.1405e+00   4.5097e-01   0  z  0.00 2
1023977  56712.000   109.00    3.0426e+00   4.4193e-01   0  z  0.00 2
1023977  56714.000   111.00    2.9479e+00   4.3305e-01   0  z  0.00 2
1023977  56716.000   113.00    2.8565e+00   4.2434e-01   0  z  0.00 2
1023977  56718.000   115.00    2.7669e+00   4.1560e-01   0  z  0.00 2
1023977  56720.000   117.00    2.6816e+00   4.0722e-01   0  z  0.00 2
1023977  56722.000   119.00    2.5739e+00   3.9511e-01   0  z  0.00 2
1023977  56724.000   121.00    7.8430e-02   1.2169e-02   0  z  0.00 2
1023977  56726.000   123.00    0.0000e+00   0.0000e+00   0  z  0.00 2
1023977  56728.000   125.00    0.0000e+00   0.0000e+00   0  z  0.00 2
1023977  56730.000   127.00    0.0000e+00   0.0000e+00   0  z  0.00 2
1023977  56732.000   129.00    0.0000e+00   0.0000e+00   0  z  0.00 2
1023977  56734.000   131.00    0.0000e+00   0.0000e+00   0  z  0.00 2
1023977  56736.000   133.00    0.0000e+00   0.0000e+00   0  z  0.00 2
1023977  56738.000   135.00    0.0000e+00   0.0000e+00   0  z  0.00 2
1023977  56740.000   137.00    0.0000e+00   0.0000e+00   0  z  0.00 2
1023977  56742.000   139.00    0.0000e+00   0.0000e+00   0  z  0.00 2
1023977  56536.246   -53.75   -1.2680e+01   2.8160e+01  -1  i  0.20 3
1023977  56537.227   -52.77   -1.4450e+01   1.5070e+01  -1  i  0.92 3
1023977  56543.285   -46.71    2.5230e+00   1.0500e+01  -1  i  0.06 3
1023977  56547.242   -42.76    1.3060e+00   1.0270e+01  -1  i  0.02 3
1023977  56551.234   -38.77   -2.5990e+01   1.9070e+01  -1  i  1.86 3
1023977  56559.223   -30.78   -1.6860e+00   1.6600e+01  -1  i  0.01 3
1023977  56563.246   -26.75   -4.0510e+00   9.7020e+00  -1  i  0.17 3
1023977  56567.188   -22.81    1.1240e+01   1.0450e+01  -1  i  0.98 3
1023977  56575.168   -14.83   -1.6920e+01   1.0930e+01  -1  i  6.65 3
1023977  56579.156   -10.84   -1.0140e+01   1.4930e+01  -1  i  2.09 3
1023977  56590.316     0.32    7.0840e+00   2.1420e+01   1  i  0.05 3
1023977  56602.094    12.09    1.0350e+01   9.3810e+00   1  i  0.00 3
1023977  56606.086    16.09    2.5430e+01   2.1970e+01   1  i  0.54 3
1023977  56609.086    19.09   -1.2020e+01   1.3200e+01   1  i  2.47 3
1023977  56616.078    26.08   -5.2310e-01   2.1120e+01   1  i  0.14 3
1023977  56625.215    35.21   -7.8850e+00   1.1410e+01   1  i  1.60 3
1023977  56629.043    39.04   -2.2320e+01   1.4090e+01   1  i  4.12 3
1023977  56636.047    46.05    3.8880e+00   1.0420e+01   1  i  0.04 3
1023977  56645.141    55.14    1.3700e+01   1.1840e+01   1  i  0.44 3
1023977  56660.066    70.07   -5.0390e+00   1.0740e+01   1  i  0.99 3
1023977  56676.062    86.06   -4.1740e+00   1.1170e+01   1  i  0.72 3
1023977  56683.043    93.04    3.6050e+00   1.2710e+01   1  i  0.01 3
1023977  56690.070   100.07   -8.9890e+00   1.2310e+01   1  i  1.20 3
1023977  56697.039   107.04    2.5790e+01   1.1900e+01  -1  i  3.18 3
1023977  56531.000   -59.00    0.0000e+00   0.0000e+00   0  i  0.00 3
1023977  56533.000   -57.00    0.0000e+00   0.0000e+00   0  i  0.00 3
1023977  56535.000   -55.00    0.0000e+00   0.0000e+00   0  i  0.00 3
1023977  56537.000   -53.00    0.0000e+00   0.0000e+00   0  i  0.00 3
1023977  56539.000   -51.00    0.0000e+00   0.0000e+00   0  i  0.00 3
1023977  56541.000   -49.00    0.0000e+00   0.0000e+00   0  i  0.00 3
1023977  56543.000   -47.00    0.0000e+00   0.0000e+00   0  i  0.00 3
1023977  56545.000   -45.00    0.0000e+00   0.0000e+00   0  i  0.00 3
1023977  56547.000   -43.00    0.0000e+00   0.0000e+00   0  i  0.00 3
1023977  56549.000   -41.00    0.0000e+00   0.0000e+00   0  i  0.00 3
1023977  56551.000   -39.00    0.0000e+00   0.0000e+00   0  i  0.00 3
1023977  56553.000   -37.00    0.0000e+00   0.0000e+00   0  i  0.00 3
1023977  56555.000   -35.00    0.0000e+00   0.0000e+00   0  i  0.00 3
1023977  56557.000   -33.00    0.0000e+00   0.0000e+00   0  i  0.00 3
1023977  56559.000   -31.00    0.0000e+00   0.0000e+00   0  i  0.00 3
1023977  56561.000   -29.00    0.0000e+00   0.0000e+00   0  i  0.00 3
1023977  56563.000   -27.00    0.0000e+00   0.0000e+00   0  i  0.00 3
1023977  56565.000   -25.00    5.6033e-02   4.2652e-03   0  i  0.00 3
1023977  56567.000   -23.00    7.7510e-01   5.7707e-02   0  i  0.00 3
1023977  56569.000   -21.00    4.8341e+00   3.5184e-01   0  i  0.00 3
1023977  56571.000   -19.00    8.9842e+00   6.3890e-01   0  i  0.00 3
1023977  56573.000   -17.00    1.1188e+01   7.7696e-01   0  i  0.00 3
1023977  56575.000   -15.00    1.1331e+01   7.6799e-01   0  i  0.00 3
1023977  56577.000   -13.00    1.1357e+01   7.5080e-01   0  i  0.00 3
1023977  56579.000   -11.00    1.1448e+01   7.3767e-01   0  i  0.00 3
1023977  56581.000    -9.00    1.1672e+01   7.3267e-01   0  i  0.00 3
1023977  56583.000    -7.00    1.1962e+01   7.3088e-01   0  i  0.00 3
1023977  56585.000    -5.00    1.2180e+01   7.2387e-01   0  i  0.00 3
1023977  56587.000    -3.00    1.2292e+01   7.1005e-01   0  i  0.00 3
1023977  56589.000    -1.00    1.2127e+01   6.8027e-01   0  i  0.00 3
1023977  56591.000     1.00    1.1828e+01   6.6350e-01   0  i  0.00 3
1023977  56593.000     3.00    1.1414e+01   6.5931e-01   0  i  0.00 3
1023977  56595.000     5.00    1.1020e+01   6.5497e-01   0  i  0.00 3
1023977  56597.000     7.00    1.0729e+01   6.5555e-01   0  i  0.00 3
1023977  56599.000     9.00    1.0507e+01   6.5952e-01   0  i  0.00 3
1023977  56601.000    11.00    1.0204e+01   6.5751e-01   0  i  0.00 3
1023977  56603.000    13.00    9.8710e+00   6.5254e-01   0  i  0.00 3
1023977  56605.000    15.00    9.5192e+00   6.4517e-01   0  i  0.00 3
1023977  56607.000    17.00    9.1453e+00   6.3509e-01   0  i  0.00 3
1023977  56609.000    19.00    8.7716e+00   6.2378e-01   0  i  0.00 3
1023977  56611.000    21.00    8.4047e+00   6.1171e-01   0  i  0.00 3
1023977  56613.000    23.00    8.0486e+00   5.9922e-01   0  i  0.00 3
1023977  56615.000    25.00    7.6984e+00   5.8600e-01   0  i  0.00 3
1023977  56617.000    27.00    7.3845e+00   5.7442e-01   0  i  0.00 3
1023977  56619.000    29.00    7.1529e+00   5.6834e-01   0  i  0.00 3
1023977  56621.000    31.00    6.9451e+00   5.6343e-01   0  i  0.00 3
1023977  56623.000    33.00    6.7559e+00   5.5935e-01   0  i  0.00 3
1023977  56625.000    35.00    6.5887e+00   5.5650e-01   0  i  0.00 3
1023977  56627.000    37.00    6.4464e+00   5.5524e-01   0  i  0.00 3
1023977  56629.000    39.00    6.3195e+00   5.5485e-01   0  i  0.00 3
1023977  56631.000    41.00    6.2093e+00   5.5554e-01   0  i  0.00 3
1023977  56633.000    43.00    6.1224e+00   5.5798e-01   0  i  0.00 3
1023977  56635.000    45.00    6.0467e+00   5.6118e-01   0  i  0.00 3
1023977  56637.000    47.00    5.9825e+00   5.6520e-01   0  i  0.00 3
1023977  56639.000    49.00    5.9369e+00   5.7080e-01   0  i  0.00 3
1023977  56641.000    51.00    5.8977e+00   5.7687e-01   0  i  0.00 3
1023977  56643.000    53.00    5.8646e+00   5.8342e-01   0  i  0.00 3
1023977  56645.000    55.00    5.8425e+00   5.9097e-01   0  i  0.00 3
1023977  56647.000    57.00    5.8259e+00   5.9901e-01   0  i  0.00 3
1023977  56649.000    59.00    5.8146e+00   6.0756e-01   0  i  0.00 3
1023977  56651.000    61.00    5.8082e+00   6.1658e-01   0  i  0.00 3
1023977  56653.000    63.00    5.7927e+00   6.2460e-01   0  i  0.00 3
1023977  56655.000    65.00    5.7693e+00   6.3170e-01   0  i  0.00 3
1023977  56657.000    67.00    5.7322e+00   6.3721e-01   0  i  0.00 3
1023977  56659.000    69.00    5.6943e+00   6.4250e-01   0  i  0.00 3
1023977  56661.000    71.00    5.6561e+00   6.4763e-01   0  i  0.00 3
1023977  56663.000    73.00    5.6172e+00   6.5255e-01   0  i  0.00 3
1023977  56665.000    75.00    5.5765e+00   6.5712e-01   0  i  0.00 3
1023977  56667.000    77.00    5.5335e+00   6.6129e-01   0  i  0.00 3
1023977  56669.000    79.00    5.4878e+00   6.6499e-01   0  i  0.00 3
1023977  56671.000    81.00    5.4360e+00   6.6778e-01   0  i  0.00 3
1023977  56673.000    83.00    5.3812e+00   6.7003e-01   0  i  0.00 3
1023977  56675.000    85.00    5.3235e+00   6.7173e-01   0  i  0.00 3
1023977  56677.000    87.00    5.2563e+00   6.7202e-01   0  i  0.00 3
1023977  56679.000    89.00    5.1823e+00   6.7120e-01   0  i  0.00 3
1023977  56681.000    91.00    5.0994e+00   6.6898e-01   0  i  0.00 3
1023977  56683.000    93.00    5.0008e+00   6.6439e-01   0  i  0.00 3
1023977  56685.000    95.00    4.8906e+00   6.5791e-01   0  i  0.00 3
1023977  56687.000    97.00    4.7665e+00   6.4917e-01   0  i  0.00 3
1023977  56689.000    99.00    4.6072e+00   6.3517e-01   0  i  0.00 3
1023977  56691.000   101.00    4.5223e+00   6.3101e-01   0  i  0.00 3
1023977  56693.000   103.00    4.5231e+00   6.3867e-01   0  i  0.00 3
1023977  56695.000   105.00    4.5252e+00   6.4651e-01   0  i  0.00 3
1023977  56697.000   107.00    4.5265e+00   6.5425e-01   0  i  0.00 3
1023977  56699.000   109.00    4.5265e+00   6.6180e-01   0  i  0.00 3
1023977  56701.000   111.00    4.5273e+00   6.6948e-01   0  i  0.00 3
1023977  56703.000   113.00    4.5277e+00   6.7709e-01   0  i  0.00 3
1023977  56705.000   115.00    4.5277e+00   6.8465e-01   0  i  0.00 3
1023977  56707.000   117.00    4.5277e+00   6.9221e-01   0  i  0.00 3
1023977  56709.000   119.00    2.7192e-01   4.2025e-02   0  i  0.00 3
1023977  56711.000   121.00    0.0000e+00   0.0000e+00   0  i  0.00 3
1023977  56713.000   123.00    0.0000e+00   0.0000e+00   0  i  0.00 3
1023977  56715.000   125.00    0.0000e+00   0.0000e+00   0  i  0.00 3
1023977  56717.000   127.00    0.0000e+00   0.0000e+00   0  i  0.00 3
1023977  56719.000   129.00    0.0000e+00   0.0000e+00   0  i  0.00 3
1023977  56721.000   131.00    0.0000e+00   0.0000e+00   0  i  0.00 3
1023977  56723.000   133.00    0.0000e+00   0.0000e+00   0  i  0.00 3
1023977  56725.000   135.00    0.0000e+00   0.0000e+00   0  i  0.00 3
1023977  56727.000   137.00    0.0000e+00   0.0000e+00   0  i  0.00 3
1023977  56729.000   139.00    0.0000e+00   0.0000e+00   0  i  0.00 3
1023977  56534.234   -55.77   -1.2530e+01   1.1140e+01  -1  r  1.27 3
1023977  56536.242   -53.76    2.7400e+01   2.7480e+01  -1  r  0.99 3
1023977  56547.242   -42.76    1.1620e+01   8.9550e+00  -1  r  1.68 3
1023977  56551.234   -38.77   -1.0750e+01   2.1600e+01  -1  r  0.25 3
1023977  56559.223   -30.78   -5.3620e+00   1.6230e+01  -1  r  0.11 3
1023977  56563.246   -26.75    2.4170e+00   9.6770e+00  -1  r  0.06 3
1023977  56567.188   -22.81    3.2620e+00   8.8700e+00  -1  r  0.06 3
1023977  56575.164   -14.84   -1.9510e+00   1.1150e+01  -1  r  1.61 3
1023977  56579.156   -10.84    2.4280e+01   1.3560e+01  -1  r  0.73 3
1023977  56590.312     0.31    3.8680e+01   1.6040e+01   1  r  2.92 3
1023977  56602.094    12.09    8.3190e+00   1.1200e+01   1  r  0.00 3
1023977  56606.082    16.08   -1.4810e+01   1.7800e+01   1  r  1.49 3
1023977  56609.086    19.09    6.9530e+00   1.3340e+01   1  r  0.00 3
1023977  56616.074    26.07   -4.0010e+01   1.8150e+01   1  r  6.13 3
1023977  56625.215    35.21    5.6220e+00   9.9730e+00   1  r  0.03 3
1023977  56629.039    39.04    1.7570e+01   1.0680e+01   1  r  1.74 3
1023977  56636.043    46.04    8.9660e+00   1.0780e+01   1  r  0.30 3
1023977  56645.137    55.14    2.1600e+01   1.2760e+01   1  r  2.18 3
1023977  56649.133    59.13   -2.1790e+00   9.8650e+00   1  r  0.24 3
1023977  56653.148    63.15    9.5640e+00   1.0690e+01   1  r  0.42 3
1023977  56660.062    70.06    9.7200e+00   9.5820e+00   1  r  0.56 3
1023977  56676.059    86.06    1.3440e+01   1.0930e+01   1  r  1.00 3
1023977  56690.066   100.07    5.1590e+00   1.0600e+01   1  r  0.06 3
1023977  56697.039   107.04    1.8090e+00   1.4090e+01  -1  r  0.00 3
1023977  56531.000   -59.00    0.0000e+00   0.0000e+00   0  r  0.00 3
1023977  56533.000   -57.00    0.0000e+00   0.0000e+00   0  r  0.00 3
1023977  56535.000   -55.00    0.0000e+00   0.0000e+00   0  r  0.00 3
1023977  56537.000   -53.00    0.0000e+00   0.0000e+00   0  r  0.00 3
1023977  56539.000   -51.00    0.0000e+00   0.0000e+00   0  r  0.00 3
1023977  56541.000   -49.00    0.0000e+00   0.0000e+00   0  r  0.00 3
1023977  56543.000   -47.00    0.0000e+00   0.0000e+00   0  r  0.00 3
1023977  56545.000   -45.00    0.0000e+00   0.0000e+00   0  r  0.00 3
1023977  56547.000   -43.00    0.0000e+00   0.0000e+00   0  r  0.00 3
1023977  56549.000   -41.00    0.0000e+00   0.0000e+00   0  r  0.00 3
1023977  56551.000   -39.00    0.0000e+00   0.0000e+00   0  r  0.00 3
1023977  56553.000   -37.00    0.0000e+00   0.0000e+00   0  r  0.00 3
1023977  56555.000   -35.00    0.0000e+00   0.0000e+00   0  r  0.00 3
1023977  56557.000   -33.00    0.0000e+00   0.0000e+00   0  r  0.00 3
1023977  56559.000   -31.00    0.0000e+00   0.0000e+00   0  r  0.00 3
1023977  56561.000   -29.00    0.0000e+00   0.0000e+00   0  r  0.00 3
1023977  56563.000   -27.00    0.0000e+00   0.0000e+00   0  r  0.00 3
1023977  56565.000   -25.00    6.3294e-02   4.8179e-03   0  r  0.00 3
1023977  56567.000   -23.00    8.9257e-01   6.6452e-02   0  r  0.00 3
1023977  56569.000   -21.00    5.2442e+00   3.8168e-01   0  r  0.00 3
1023977  56571.000   -19.00    9.3394e+00   6.6416e-01   0  r  0.00 3
1023977  56573.000   -17.00    1.1501e+01   7.9865e-01   0  r  0.00 3
1023977  56575.000   -15.00    1.2166e+01   8.2458e-01   0  r  0.00 3
1023977  56577.000   -13.00    1.2508e+01   8.2689e-01   0  r  0.00 3
1023977  56579.000   -11.00    1.2686e+01   8.1745e-01   0  r  0.00 3
1023977  56581.000    -9.00    1.2688e+01   7.9643e-01   0  r  0.00 3
1023977  56583.000    -7.00    1.2499e+01   7.6370e-01   0  r  0.00 3
1023977  56585.000    -5.00    1.2246e+01   7.2781e-01   0  r  0.00 3
1023977  56587.000    -3.00    1.1938e+01   6.8956e-01   0  r  0.00 3
1023977  56589.000    -1.00    1.1523e+01   6.4637e-01   0  r  0.00 3
1023977  56591.000     1.00    1.1091e+01   6.2213e-01   0  r  0.00 3
1023977  56593.000     3.00    1.0643e+01   6.1480e-01   0  r  0.00 3
1023977  56595.000     5.00    1.0106e+01   6.0065e-01   0  r  0.00 3
1023977  56597.000     7.00    9.5192e+00   5.8163e-01   0  r  0.00 3
1023977  56599.000     9.00    8.9051e+00   5.5897e-01   0  r  0.00 3
1023977  56601.000    11.00    8.3023e+00   5.3499e-01   0  r  0.00 3
1023977  56603.000    13.00    7.7332e+00   5.1122e-01   0  r  0.00 3
1023977  56605.000    15.00    7.1991e+00   4.8793e-01   0  r  0.00 3
1023977  56607.000    17.00    6.6995e+00   4.6524e-01   0  r  0.00 3
1023977  56609.000    19.00    6.2402e+00   4.4376e-01   0  r  0.00 3
1023977  56611.000    21.00    5.8194e+00   4.2355e-01   0  r  0.00 3
1023977  56613.000    23.00    5.4425e+00   4.0520e-01   0  r  0.00 3
1023977  56615.000    25.00    5.1083e+00   3.8884e-01   0  r  0.00 3
1023977  56617.000    27.00    4.8000e+00   3.7338e-01   0  r  0.00 3
1023977  56619.000    29.00    4.5061e+00   3.5804e-01   0  r  0.00 3
1023977  56621.000    31.00    4.2466e+00   3.4451e-01   0  r  0.00 3
1023977  56623.000    33.00    4.0135e+00   3.3229e-01   0  r  0.00 3
1023977  56625.000    35.00    3.8079e+00   3.2162e-01   0  r  0.00 3
1023977  56627.000    37.00    3.6294e+00   3.1261e-01   0  r  0.00 3
1023977  56629.000    39.00    3.4693e+00   3.0461e-01   0  r  0.00 3
1023977  56631.000    41.00    3.3275e+00   2.9771e-01   0  r  0.00 3
1023977  56633.000    43.00    3.2089e+00   2.9246e-01   0  r  0.00 3
1023977  56635.000    45.00    3.1028e+00   2.8797e-01   0  r  0.00 3
1023977  56637.000    47.00    3.0086e+00   2.8424e-01   0  r  0.00 3
1023977  56639.000    49.00    2.9304e+00   2.8174e-01   0  r  0.00 3
1023977  56641.000    51.00    2.8615e+00   2.7990e-01   0  r  0.00 3
1023977  56643.000    53.00    2.8013e+00   2.7868e-01   0  r  0.00 3
1023977  56645.000    55.00    2.7522e+00   2.7839e-01   0  r  0.00 3
1023977  56647.000    57.00    2.7089e+00   2.7853e-01   0  r  0.00 3
1023977  56649.000    59.00    2.6713e+00   2.7912e-01   0  r  0.00 3
1023977  56651.000    61.00    2.6412e+00   2.8038e-01   0  r  0.00 3
1023977  56653.000    63.00    2.6146e+00   2.8192e-01   0  r  0.00 3
1023977  56655.000    65.00    2.5908e+00   2.8368e-01   0  r  0.00 3
1023977  56657.000    67.00    2.5713e+00   2.8584e-01   0  r  0.00 3
1023977  56659.000    69.00    2.5553e+00   2.8832e-01   0  r  0.00 3
1023977  56661.000    71.00    2.5414e+00   2.9100e-01   0  r  0.00 3
1023977  56663.000    73.00    2.5302e+00   2.9393e-01   0  r  0.00 3
1023977  56665.000    75.00    2.5226e+00   2.9725e-01   0  r  0.00 3
1023977  56667.000    77.00    2.5167e+00   3.0077e-01   0  r  0.00 3
1023977  56669.000    79.00    2.5119e+00   3.0438e-01   0  r  0.00 3
1023977  56671.000    81.00    2.5096e+00   3.0829e-01   0  r  0.00 3
1023977  56673.000    83.00    2.5089e+00   3.1239e-01   0  r  0.00 3
1023977  56675.000    85.00    2.5105e+00   3.1678e-01   0  r  0.00 3
1023977  56677.000    87.00    2.5144e+00   3.2147e-01   0  r  0.00 3
1023977  56679.000    89.00    2.5198e+00   3.2636e-01   0  r  0.00 3
1023977  56681.000    91.00    2.5277e+00   3.3160e-01   0  r  0.00 3
1023977  56683.000    93.00    2.5389e+00   3.3731e-01   0  r  0.00 3
1023977  56685.000    95.00    2.5527e+00   3.4340e-01   0  r  0.00 3
1023977  56687.000    97.00    2.5699e+00   3.5001e-01   0  r  0.00 3
1023977  56689.000    99.00    2.5939e+00   3.5761e-01   0  r  0.00 3
1023977  56691.000   101.00    2.6074e+00   3.6381e-01   0  r  0.00 3
1023977  56693.000   103.00    2.6069e+00   3.6809e-01   0  r  0.00 3
1023977  56695.000   105.00    2.6057e+00   3.7227e-01   0  r  0.00 3
1023977  56697.000   107.00    2.6050e+00   3.7651e-01   0  r  0.00 3
1023977  56699.000   109.00    2.6050e+00   3.8086e-01   0  r  0.00 3
1023977  56701.000   111.00    2.6050e+00   3.8521e-01   0  r  0.00 3
1023977  56703.000   113.00    2.6050e+00   3.8956e-01   0  r  0.00 3
1023977  56705.000   115.00    2.6050e+00   3.9390e-01   0  r  0.00 3
1023977  56707.000   117.00    2.6045e+00   3.9818e-01   0  r  0.00 3
1023977  56709.000   119.00    1.9815e-01   3.0625e-02   0  r  0.00 3
1023977  56711.000   121.00    0.0000e+00   0.0000e+00   0  r  0.00 3
1023977  56713.000   123.00    0.0000e+00   0.0000e+00   0  r  0.00 3
1023977  56715.000   125.00    0.0000e+00   0.0000e+00   0  r  0.00 3
1023977  56717.000   127.00    0.0000e+00   0.0000e+00   0  r  0.00 3
1023977  56719.000   129.00    0.0000e+00   0.0000e+00   0  r  0.00 3
1023977  56721.000   131.00    0.0000e+00   0.0000e+00   0  r  0.00 3
1023977  56723.000   133.00    0.0000e+00   0.0000e+00   0  r  0.00 3
1023977  56725.000   135.00    0.0000e+00   0.0000e+00   0  r  0.00 3
1023977  56727.000   137.00    0.0000e+00   0.0000e+00   0  r  0.00 3
1023977  56729.000   139.00    0.0000e+00   0.0000e+00   0  r  0.00 3
1023977  56536.254   -53.75   -3.8480e+01   6.5050e+01  -1  z  0.35 3
1023977  56537.227   -52.77   -1.5280e+01   2.4170e+01  -1  z  0.40 3
1023977  56543.289   -46.71    1.1870e+01   1.3310e+01  -1  z  0.80 3
1023977  56547.246   -42.75    8.8640e+00   1.3580e+01  -1  z  0.43 3
1023977  56551.238   -38.76   -2.4360e+01   2.4840e+01  -1  z  0.96 3
1023977  56559.227   -30.77    1.9880e+01   1.7600e+01  -1  z  1.28 3
1023977  56563.250   -26.75    2.2650e+01   1.2730e+01  -1  z  3.17 3
1023977  56567.191   -22.81   -1.1430e+00   1.3230e+01  -1  z  0.02 3
1023977  56575.172   -14.83    2.0150e+01   1.3470e+01  -1  z  0.09 3
1023977  56579.160   -10.84    1.2730e+01   1.5780e+01  -1  z  0.10 3
1023977  56590.316     0.32    1.0120e+01   2.0850e+01   1  z  0.19 3
1023977  56594.125     4.12    1.3050e+02   2.5820e+01  -1  z  18.64 3
1023977  56602.098    12.10    1.2240e+01   1.3390e+01   1  z  0.11 3
1023977  56606.090    16.09    1.6560e+02   3.9030e+01   1  z  14.84 3
1023977  56609.090    19.09    2.6990e+01   1.5820e+01   1  z  0.65 3
1023977  56616.078    26.08    3.9870e+01   2.8750e+01   1  z  0.92 3
1023977  56625.219    35.22    1.8450e+01   1.3540e+01   1  z  0.32 3
1023977  56629.047    39.05   -3.8590e+01   1.9150e+01   1  z  6.51 3
1023977  56636.051    46.05    1.7880e+01   1.3740e+01   1  z  0.33 3
1023977  56645.145    55.14    2.0560e+01   1.4020e+01   1  z  0.59 3
1023977  56649.141    59.14   -6.5150e+00   1.8500e+01   1  z  0.76 3
1023977  56653.152    63.15   -1.0820e+02   2.7600e+01  -1  z  18.21 3
1023977  56660.066    70.07    1.5300e+00   1.3730e+01   1  z  0.35 3
1023977  56669.051    79.05    3.7120e+01   1.9020e+01   1  z  2.07 3
1023977  56676.066    86.07    1.2670e+01   1.3590e+01   1  z  0.04 3
1023977  56683.047    93.05    3.9390e+00   2.0090e+01   1  z  0.09 3
1023977  56690.070   100.07    1.7430e+01   1.4080e+01   1  z  0.25 3
1023977  56697.043   107.04    1.4200e+01   1.5090e+01  -1  z  0.06 3
1023977  56531.000   -59.00    0.0000e+00   0.0000e+00   0  z  0.00 3
1023977  56533.000   -57.00    0.0000e+00   0.0000e+00   0  z  0.00 3
1023977  56535.000   -55.00    0.0000e+00   0.0000e+00   0  z  0.00 3
1023977  56537.000   -53.00    0.0000e+00   0.0000e+00   0  z  0.00 3
1023977  56539.000   -51.00    0.0000e+00   0.0000e+00   0  z  0.00 3
1023977  56541.000   -49.00    0.0000e+00   0.0000e+00   0  z  0.00 3
1023977  56543.000   -47.00    0.0000e+00   0.0000e+00   0  z  0.00 3
1023977  56545.000   -45.00    0.0000e+00   0.0000e+00   0  z  0.00 3
1023977  56547.000   -43.00    0.0000e+00   0.0000e+00   0  z  0.00 3
1023977  56549.000   -41.00    0.0000e+00   0.0000e+00   0  z  0.00 3
1023977  56551.000   -39.00    0.0000e+00   0.0000e+00   0  z  0.00 3
1023977  56553.000   -37.00    0.0000e+00   0.0000e+00   0  z  0.00 3
1023977  56555.000   -35.00    0.0000e+00   0.0000e+00   0  z  0.00 3
1023977  56557.000   -33.00    0.0000e+00   0.0000e+00   0  z  0.00 3
1023977  56559.000   -31.00    0.0000e+00   0.0000e+00   0  z  0.00 3
1023977  56561.000   -29.00    0.0000e+00   0.0000e+00   0  z  0.00 3
1023977  56563.000   -27.00    0.0000e+00   0.0000e+00   0  z  0.00 3
1023977  56565.000   -25.00    5.2913e-02   4.0277e-03   0  z  0.00 3
1023977  56567.000   -23.00    7.3995e-01   5.5089e-02   0  z  0.00 3
1023977  56569.000   -21.00    5.8830e+00   4.2818e-01   0  z  0.00 3
1023977  56571.000   -19.00    1.1658e+01   8.2907e-01   0  z  0.00 3
1023977  56573.000   -17.00    1.4993e+01   1.0412e+00   0  z  0.00 3
1023977  56575.000   -15.00    1.6065e+01   1.0888e+00   0  z  0.00 3
1023977  56577.000   -13.00    1.6923e+01   1.1187e+00   0  z  0.00 3
1023977  56579.000   -11.00    1.7672e+01   1.1387e+00   0  z  0.00 3
1023977  56581.000    -9.00    1.8278e+01   1.1473e+00   0  z  0.00 3
1023977  56583.000    -7.00    1.8659e+01   1.1401e+00   0  z  0.00 3
1023977  56585.000    -5.00    1.8951e+01   1.1263e+00   0  z  0.00 3
1023977  56587.000    -3.00    1.9153e+01   1.1063e+00   0  z  0.00 3
1023977  56589.000    -1.00    1.9229e+01   1.0786e+00   0  z  0.00 3
1023977  56591.000     1.00    1.9217e+01   1.0780e+00   0  z  0.00 3
1023977  56593.000     3.00    1.9114e+01   1.1041e+00   0  z  0.00 3
1023977  56595.000     5.00    1.8783e+01   1.1163e+00   0  z  0.00 3
1023977  56597.000     7.00    1.8298e+01   1.1180e+00   0  z  0.00 3
1023977  56599.000     9.00    1.7695e+01   1.1107e+00   0  z  0.00 3
1023977  56601.000    11.00    1.7007e+01   1.0959e+00   0  z  0.00 3
1023977  56603.000    13.00    1.6299e+01   1.0775e+00   0  z  0.00 3
1023977  56605.000    15.00    1.5587e+01   1.0564e+00   0  z  0.00 3
1023977  56607.000    17.00    1.4891e+01   1.0341e+00   0  z  0.00 3
1023977  56609.000    19.00    1.4234e+01   1.0122e+00   0  z  0.00 3
1023977  56611.000    21.00    1.3619e+01   9.9125e-01   0  z  0.00 3
1023977  56613.000    23.00    1.3068e+01   9.7290e-01   0  z  0.00 3
1023977  56615.000    25.00    1.2589e+01   9.5829e-01   0  z  0.00 3
1023977  56617.000    27.00    1.2144e+01   9.4465e-01   0  z  0.00 3
1023977  56619.000    29.00    1.1711e+01   9.3053e-01   0  z  0.00 3
1023977  56621.000    31.00    1.1344e+01   9.2028e-01   0  z  0.00 3
1023977  56623.000    33.00    1.1021e+01   9.1252e-01   0  z  0.00 3
1023977  56625.000    35.00    1.0751e+01   9.0804e-01   0  z  0.00 3
1023977  56627.000    37.00    1.0533e+01   9.0724e-01   0  z  0.00 3
1023977  56629.000    39.00    1.0347e+01   9.0844e-01   0  z  0.00 3
1023977  56631.000    41.00    1.0192e+01   9.1191e-01   0  z  0.00 3
1023977  56633.000    43.00    1.0076e+01   9.1829e-01   0  z  0.00 3
1023977  56635.000    45.00    9.9770e+00   9.2593e-01   0  z  0.00 3
1023977  56637.000    47.00    9.8965e+00   9.3497e-01   0  z  0.00 3
1023977  56639.000    49.00    9.8374e+00   9.4581e-01   0  z  0.00 3
1023977  56641.000    51.00    9.7886e+00   9.5745e-01   0  z  0.00 3
1023977  56643.000    53.00    9.7472e+00   9.6967e-01   0  z  0.00 3
1023977  56645.000    55.00    9.7212e+00   9.8330e-01   0  z  0.00 3
1023977  56647.000    57.00    9.6962e+00   9.9695e-01   0  z  0.00 3
1023977  56649.000    59.00    9.6730e+00   1.0107e+00   0  z  0.00 3
1023977  56651.000    61.00    9.6605e+00   1.0255e+00   0  z  0.00 3
1023977  56653.000    63.00    9.6516e+00   1.0407e+00   0  z  0.00 3
1023977  56655.000    65.00    9.6472e+00   1.0563e+00   0  z  0.00 3
1023977  56657.000    67.00    9.6489e+00   1.0726e+00   0  z  0.00 3
1023977  56659.000    69.00    9.6561e+00   1.0895e+00   0  z  0.00 3
1023977  56661.000    71.00    9.6667e+00   1.1068e+00   0  z  0.00 3
1023977  56663.000    73.00    9.6792e+00   1.1244e+00   0  z  0.00 3
1023977  56665.000    75.00    9.6926e+00   1.1422e+00   0  z  0.00 3
1023977  56667.000    77.00    9.7078e+00   1.1601e+00   0  z  0.00 3
1023977  56669.000    79.00    9.7311e+00   1.1792e+00   0  z  0.00 3
1023977  56671.000    81.00    9.7544e+00   1.1983e+00   0  z  0.00 3
1023977  56673.000    83.00    9.7805e+00   1.2178e+00   0  z  0.00 3
1023977  56675.000    85.00    9.8112e+00   1.2380e+00   0  z  0.00 3
1023977  56677.000    87.00    9.8519e+00   1.2596e+00   0  z  0.00 3
1023977  56679.000    89.00    9.8983e+00   1.2820e+00   0  z  0.00 3
1023977  56681.000    91.00    9.9495e+00   1.3053e+00   0  z  0.00 3
1023977  56683.000    93.00    1.0020e+01   1.3313e+00   0  z  0.00 3
1023977  56685.000    95.00    1.0101e+01   1.3588e+00   0  z  0.00 3
1023977  56687.000    97.00    1.0192e+01   1.3880e+00   0  z  0.00 3
1023977  56689.000    99.00    1.0322e+01   1.4230e+00   0  z  0.00 3
1023977  56691.000   101.00    1.0392e+01   1.4499e+00   0  z  0.00 3
1023977  56693.000   103.00    1.0388e+01   1.4667e+00   0  z  0.00 3
1023977  56695.000   105.00    1.0387e+01   1.4839e+00   0  z  0.00 3
1023977  56697.000   107.00    1.0387e+01   1.5013e+00   0  z  0.00 3
1023977  56699.000   109.00    1.0387e+01   1.5186e+00   0  z  0.00 3
1023977  56701.000   111.00    1.0385e+01   1.5357e+00   0  z  0.00 3
1023977  56703.000   113.00    1.0384e+01   1.5529e+00   0  z  0.00 3
1023977  56705.000   115.00    1.0384e+01   1.5702e+00   0  z  0.00 3
1023977  56707.000   117.00    1.0384e+01   1.5875e+00   0  z  0.00 3
1023977  56709.000   119.00    4.3728e-01   6.7582e-02   0  z  0.00 3
1023977  56711.000   121.00    0.0000e+00   0.0000e+00   0  z  0.00 3
1023977  56713.000   123.00    0.0000e+00   0.0000e+00   0  z  0.00 3
1023977  56715.000   125.00    0.0000e+00   0.0000e+00   0  z  0.00 3
1023977  56717.000   127.00    0.0000e+00   0.0000e+00   0  z  0.00 3
1023977  56719.000   129.00    0.0000e+00   0.0000e+00   0  z  0.00 3
1023977  56721.000   131.00    0.0000e+00   0.0000e+00   0  z  0.00 3
1023977  56723.000   133.00    0.0000e+00   0.0000e+00   0  z  0.00 3
1023977  56725.000   135.00    0.0000e+00   0.0000e+00   0  z  0.00 3
1023977  56727.000   137.00    0.0000e+00   0.0000e+00   0  z  0.00 3
1023977  56729.000   139.00    0.0000e+00   0.0000e+00   0  z  0.00 3
