#NAME     : DES13S1aulh
#SNID     : 1023925    
#SPECZ    : -9.0000 +/- -9.0000
#PHOTOZ   : 0.4274 +/- 0.0350
#PEAKr    : 22.97   
#PEAKi    : 22.71   
#FITPROB  : 0.0         
#PBAYES   : 1.12e-08    
# CID  MJD  Tobs  Flux FluxErr  DATAFLAG   BAND   CHI2  IFIT
#    DATAFLAG =  1  => data used in fit
#    DATAFLAG = -1  => data rejected from fit
#    DATAFLAG =  0  => best-fit model
1023925  56536.246   -43.75    4.6110e+01   2.9520e+01  -1  i  2.44 1
1023925  56537.227   -42.77    3.0890e+01   1.5930e+01  -1  i  3.76 1
1023925  56543.285   -36.71    5.9760e+01   1.2190e+01  -1  i  24.03 1
1023925  56547.242   -32.76    2.6580e+01   1.1660e+01  -1  i  5.20 1
1023925  56551.234   -28.77    3.7460e+01   2.0220e+01  -1  i  3.43 1
1023925  56559.223   -20.78    8.9580e+00   1.7440e+01   1  i  0.95 1
1023925  56563.246   -16.75    1.0850e+02   1.2010e+01   1  i  17.07 1
1023925  56567.188   -12.81    6.0090e+01   1.1850e+01   1  i  0.26 1
1023925  56575.168    -4.83    6.0850e+01   1.3780e+01   1  i  1.06 1
1023925  56579.156    -0.84    5.4400e+01   1.6100e+01   1  i  2.67 1
1023925  56590.316    10.32    2.3600e+01   2.2310e+01   1  i  6.05 1
1023925  56594.121    14.12    2.9750e+01   1.7520e+01   1  i  6.16 1
1023925  56602.094    22.09    1.4340e+02   1.1410e+01  -1  i  42.34 1
1023925  56606.086    26.09    4.5000e+01   2.3070e+01   1  i  0.18 1
1023925  56609.086    29.09    6.7180e+01   1.5400e+01   1  i  1.11 1
1023925  56616.078    36.08    4.9380e+00   2.2250e+01   1  i  2.62 1
1023925  56625.215    45.21    7.1990e+01   1.2810e+01   1  i  7.64 1
1023925  56629.043    49.04    4.1300e+01   1.5160e+01   1  i  0.34 1
1023925  56645.141    65.14    1.0160e+02   1.3880e+01  -1  i  31.93 1
1023925  56649.137    69.14    6.3060e+01   1.2820e+01   1  i  11.35 1
1023925  56653.152    73.15    4.1680e+01   1.3580e+01   1  i  3.20 1
1023925  56660.066    80.07    4.9700e+01   1.2770e+01   1  i  7.21 1
1023925  56669.047    89.05    1.2380e+02   1.4580e+01  -1  i  56.47 1
1023925  56676.062    96.06    4.9340e+01   1.3190e+01  -1  i  8.03 1
1023925  56683.043   103.04    3.8750e+01   1.3780e+01  -1  i  4.13 1
1023925  56690.070   110.07    4.9220e+01   1.5090e+01  -1  i  6.77 1
1023925  56697.039   117.04    1.5990e+02   1.3300e+01  -1  i  125.52 1
1023925  56521.000   -59.00    0.0000e+00   0.0000e+00   0  i  0.00 1
1023925  56523.000   -57.00    0.0000e+00   0.0000e+00   0  i  0.00 1
1023925  56525.000   -55.00    0.0000e+00   0.0000e+00   0  i  0.00 1
1023925  56527.000   -53.00    0.0000e+00   0.0000e+00   0  i  0.00 1
1023925  56529.000   -51.00    0.0000e+00   0.0000e+00   0  i  0.00 1
1023925  56531.000   -49.00    0.0000e+00   0.0000e+00   0  i  0.00 1
1023925  56533.000   -47.00    0.0000e+00   0.0000e+00   0  i  0.00 1
1023925  56535.000   -45.00    0.0000e+00   0.0000e+00   0  i  0.00 1
1023925  56537.000   -43.00    0.0000e+00   0.0000e+00   0  i  0.00 1
1023925  56539.000   -41.00    0.0000e+00   0.0000e+00   0  i  0.00 1
1023925  56541.000   -39.00    0.0000e+00   0.0000e+00   0  i  0.00 1
1023925  56543.000   -37.00    0.0000e+00   0.0000e+00   0  i  0.00 1
1023925  56545.000   -35.00    0.0000e+00   0.0000e+00   0  i  0.00 1
1023925  56547.000   -33.00    0.0000e+00   0.0000e+00   0  i  0.00 1
1023925  56549.000   -31.00    0.0000e+00   0.0000e+00   0  i  0.00 1
1023925  56551.000   -29.00    0.0000e+00   0.0000e+00   0  i  0.00 1
1023925  56553.000   -27.00    0.0000e+00   0.0000e+00   0  i  0.00 1
1023925  56555.000   -25.00    1.6397e+01   4.5304e+00   0  i  0.00 1
1023925  56557.000   -23.00    2.1389e+01   5.9099e+00   0  i  0.00 1
1023925  56559.000   -21.00    2.6853e+01   7.4196e+00   0  i  0.00 1
1023925  56561.000   -19.00    3.3034e+01   9.1273e+00   0  i  0.00 1
1023925  56563.000   -17.00    3.9829e+01   1.1005e+01   0  i  0.00 1
1023925  56565.000   -15.00    4.6499e+01   1.2848e+01   0  i  0.00 1
1023925  56567.000   -13.00    5.3172e+01   3.8301e+00   0  i  0.00 1
1023925  56569.000   -11.00    5.9753e+01   4.1500e+00   0  i  0.00 1
1023925  56571.000    -9.00    6.5742e+01   4.3962e+00   0  i  0.00 1
1023925  56573.000    -7.00    7.0964e+01   4.5624e+00   0  i  0.00 1
1023925  56575.000    -5.00    7.5551e+01   4.6623e+00   0  i  0.00 1
1023925  56577.000    -3.00    7.9214e+01   4.6839e+00   0  i  0.00 1
1023925  56579.000    -1.00    8.1591e+01   4.6140e+00   0  i  0.00 1
1023925  56581.000     1.00    8.3146e+01   4.7019e+00   0  i  0.00 1
1023925  56583.000     3.00    8.3884e+01   4.9601e+00   0  i  0.00 1
1023925  56585.000     5.00    8.3707e+01   5.1656e+00   0  i  0.00 1
1023925  56587.000     7.00    8.2855e+01   5.3269e+00   0  i  0.00 1
1023925  56589.000     9.00    8.1470e+01   5.4480e+00   0  i  0.00 1
1023925  56591.000    11.00    7.9440e+01   5.5173e+00   0  i  0.00 1
1023925  56593.000    13.00    7.6871e+01   5.5371e+00   0  i  0.00 1
1023925  56595.000    15.00    7.3981e+01   5.5199e+00   0  i  0.00 1
1023925  56597.000    17.00    7.0808e+01   5.4658e+00   0  i  0.00 1
1023925  56599.000    19.00    6.7298e+01   5.3685e+00   0  i  0.00 1
1023925  56601.000    21.00    6.3779e+01   5.2524e+00   0  i  0.00 1
1023925  56603.000    23.00    6.0295e+01   5.1211e+00   0  i  0.00 1
1023925  56605.000    25.00    5.6859e+01   4.9760e+00   0  i  0.00 1
1023925  56607.000    27.00    5.3506e+01   4.8206e+00   0  i  0.00 1
1023925  56609.000    29.00    5.0332e+01   4.6789e+00   0  i  0.00 1
1023925  56611.000    31.00    4.7472e+01   4.5969e+00   0  i  0.00 1
1023925  56613.000    33.00    4.4937e+01   4.5252e+00   0  i  0.00 1
1023925  56615.000    35.00    4.2693e+01   4.4646e+00   0  i  0.00 1
1023925  56617.000    37.00    4.0753e+01   4.4194e+00   0  i  0.00 1
1023925  56619.000    39.00    3.9037e+01   4.3844e+00   0  i  0.00 1
1023925  56621.000    41.00    3.7490e+01   4.3558e+00   0  i  0.00 1
1023925  56623.000    43.00    3.6084e+01   4.3321e+00   0  i  0.00 1
1023925  56625.000    45.00    3.4776e+01   4.3096e+00   0  i  0.00 1
1023925  56627.000    47.00    3.3450e+01   4.2748e+00   0  i  0.00 1
1023925  56629.000    49.00    3.2128e+01   4.2301e+00   0  i  0.00 1
1023925  56631.000    51.00    3.0795e+01   4.1739e+00   0  i  0.00 1
1023925  56633.000    53.00    2.9395e+01   4.0979e+00   0  i  0.00 1
1023925  56635.000    55.00    2.7969e+01   4.0074e+00   0  i  0.00 1
1023925  56637.000    57.00    2.6512e+01   3.9012e+00   0  i  0.00 1
1023925  56639.000    59.00    2.5031e+01   3.7802e+00   0  i  0.00 1
1023925  56641.000    61.00    2.3605e+01   3.6561e+00   0  i  0.00 1
1023925  56643.000    63.00    2.2233e+01   3.5297e+00   0  i  0.00 1
1023925  56645.000    65.00    2.0939e+01   3.4053e+00   0  i  0.00 1
1023925  56647.000    67.00    1.9739e+01   3.2865e+00   0  i  0.00 1
1023925  56649.000    69.00    1.8643e+01   3.1763e+00   0  i  0.00 1
1023925  56651.000    71.00    1.7682e+01   3.0809e+00   0  i  0.00 1
1023925  56653.000    73.00    1.6870e+01   3.0048e+00   0  i  0.00 1
1023925  56655.000    75.00    1.6142e+01   2.9376e+00   0  i  0.00 1
1023925  56657.000    77.00    1.5482e+01   2.8775e+00   0  i  0.00 1
1023925  56659.000    79.00    1.4895e+01   2.8259e+00   0  i  0.00 1
1023925  56661.000    81.00    1.4338e+01   2.7757e+00   0  i  0.00 1
1023925  56663.000    83.00    1.3809e+01   2.7268e+00   0  i  0.00 1
1023925  56665.000    85.00    1.3336e+01   2.6851e+00   0  i  0.00 1
1023925  56667.000    87.00    1.2903e+01   2.6477e+00   0  i  0.00 1
1023925  56669.000    89.00    1.2497e+01   2.6128e+00   0  i  0.00 1
1023925  56671.000    91.00    1.2118e+01   2.5805e+00   0  i  0.00 1
1023925  56673.000    93.00    1.1776e+01   2.5533e+00   0  i  0.00 1
1023925  56675.000    95.00    1.1455e+01   2.5280e+00   0  i  0.00 1
1023925  56677.000    97.00    1.1151e+01   2.5041e+00   0  i  0.00 1
1023925  56679.000    99.00    1.0869e+01   2.4828e+00   0  i  0.00 1
1023925  56681.000   101.00    1.0594e+01   2.4611e+00   0  i  0.00 1
1023925  56683.000   103.00    1.0328e+01   2.4391e+00   0  i  0.00 1
1023925  56685.000   105.00    1.0078e+01   2.4190e+00   0  i  0.00 1
1023925  56687.000   107.00    9.8311e+00   2.3979e+00   0  i  0.00 1
1023925  56689.000   109.00    9.5905e+00   2.3763e+00   0  i  0.00 1
1023925  56691.000   111.00    9.3601e+00   2.3555e+00   0  i  0.00 1
1023925  56693.000   113.00    9.1386e+00   2.3351e+00   0  i  0.00 1
1023925  56695.000   115.00    8.9207e+00   2.3140e+00   0  i  0.00 1
1023925  56697.000   117.00    8.7048e+00   2.2917e+00   0  i  0.00 1
1023925  56699.000   119.00    8.4957e+00   2.2695e+00   0  i  0.00 1
1023925  56701.000   121.00    8.2909e+00   2.2469e+00   0  i  0.00 1
1023925  56703.000   123.00    8.0902e+00   2.2238e+00   0  i  0.00 1
1023925  56705.000   125.00    7.8959e+00   2.2009e+00   0  i  0.00 1
1023925  56707.000   127.00    7.7019e+00   2.1767e+00   0  i  0.00 1
1023925  56709.000   129.00    0.0000e+00   0.0000e+00   0  i  0.00 1
1023925  56711.000   131.00    0.0000e+00   0.0000e+00   0  i  0.00 1
1023925  56713.000   133.00    0.0000e+00   0.0000e+00   0  i  0.00 1
1023925  56715.000   135.00    0.0000e+00   0.0000e+00   0  i  0.00 1
1023925  56717.000   137.00    0.0000e+00   0.0000e+00   0  i  0.00 1
1023925  56719.000   139.00    0.0000e+00   0.0000e+00   0  i  0.00 1
1023925  56534.234   -45.77    1.6570e+01   1.1240e+01  -1  r  2.17 1
1023925  56536.242   -43.76    1.5490e+01   2.7940e+01  -1  r  0.31 1
1023925  56537.223   -42.78    1.0690e+01   1.2920e+01  -1  r  0.68 1
1023925  56543.285   -36.71    2.0970e+01   9.1380e+00  -1  r  5.27 1
1023925  56547.242   -32.76    3.0610e+01   9.2110e+00  -1  r  11.04 1
1023925  56551.234   -28.77    1.9140e+01   2.1540e+01  -1  r  0.79 1
1023925  56559.223   -20.78    3.6040e+01   1.6480e+01   1  r  0.68 1
1023925  56563.246   -16.75    2.0890e+01   1.0380e+01   1  r  0.74 1
1023925  56567.188   -12.81    3.3060e+01   9.1180e+00   1  r  1.41 1
1023925  56575.164    -4.84    2.8490e+01   1.2310e+01   1  r  6.58 1
1023925  56590.312    10.31    3.6640e+01   1.6290e+01   1  r  1.55 1
1023925  56594.121    14.12    1.7530e+01   1.3460e+01   1  r  6.04 1
1023925  56602.094    22.09    3.2000e+01   1.2330e+01   1  r  0.25 1
1023925  56606.082    26.08    3.7910e+01   1.7960e+01   1  r  0.09 1
1023925  56609.086    29.09    2.9530e+01   1.3960e+01   1  r  0.00 1
1023925  56616.074    36.07    5.0090e+01   1.8400e+01   1  r  2.41 1
1023925  56625.215    45.21    2.5170e+01   1.0720e+01   1  r  1.09 1
1023925  56629.039    49.04    2.2080e+01   1.0820e+01   1  r  0.88 1
1023925  56636.043    56.04    1.9310e+01   1.1440e+01   1  r  0.74 1
1023925  56645.137    65.14    3.3380e+01   1.3250e+01   1  r  3.84 1
1023925  56649.133    69.13    2.1860e+01   1.0040e+01   1  r  2.27 1
1023925  56653.148    73.15    7.9480e+00   1.0630e+01   1  r  0.03 1
1023925  56660.062    80.06    2.5370e+01   1.0280e+01   1  r  3.90 1
1023925  56669.047    89.05    4.1020e+01   1.5570e+01  -1  r  5.51 1
1023925  56676.059    96.06    3.2920e+01   1.1190e+01  -1  r  6.52 1
1023925  56683.043   103.04    2.1900e+01   1.0990e+01  -1  r  2.61 1
1023925  56690.066   110.07    2.7130e+01   1.1270e+01  -1  r  4.22 1
1023925  56697.039   117.04    1.3560e+01   1.4800e+01  -1  r  0.44 1
1023925  56521.000   -59.00    0.0000e+00   0.0000e+00   0  r  0.00 1
1023925  56523.000   -57.00    0.0000e+00   0.0000e+00   0  r  0.00 1
1023925  56525.000   -55.00    0.0000e+00   0.0000e+00   0  r  0.00 1
1023925  56527.000   -53.00    0.0000e+00   0.0000e+00   0  r  0.00 1
1023925  56529.000   -51.00    0.0000e+00   0.0000e+00   0  r  0.00 1
1023925  56531.000   -49.00    0.0000e+00   0.0000e+00   0  r  0.00 1
1023925  56533.000   -47.00    0.0000e+00   0.0000e+00   0  r  0.00 1
1023925  56535.000   -45.00    0.0000e+00   0.0000e+00   0  r  0.00 1
1023925  56537.000   -43.00    0.0000e+00   0.0000e+00   0  r  0.00 1
1023925  56539.000   -41.00    0.0000e+00   0.0000e+00   0  r  0.00 1
1023925  56541.000   -39.00    0.0000e+00   0.0000e+00   0  r  0.00 1
1023925  56543.000   -37.00    0.0000e+00   0.0000e+00   0  r  0.00 1
1023925  56545.000   -35.00    0.0000e+00   0.0000e+00   0  r  0.00 1
1023925  56547.000   -33.00    0.0000e+00   0.0000e+00   0  r  0.00 1
1023925  56549.000   -31.00    0.0000e+00   0.0000e+00   0  r  0.00 1
1023925  56551.000   -29.00    0.0000e+00   0.0000e+00   0  r  0.00 1
1023925  56553.000   -27.00    0.0000e+00   0.0000e+00   0  r  0.00 1
1023925  56555.000   -25.00    1.2719e+01   3.5142e+00   0  r  0.00 1
1023925  56557.000   -23.00    1.6669e+01   4.6058e+00   0  r  0.00 1
1023925  56559.000   -21.00    2.1036e+01   5.8122e+00   0  r  0.00 1
1023925  56561.000   -19.00    2.6151e+01   7.2254e+00   0  r  0.00 1
1023925  56563.000   -17.00    3.2036e+01   8.8516e+00   0  r  0.00 1
1023925  56565.000   -15.00    3.7844e+01   1.0456e+01   0  r  0.00 1
1023925  56567.000   -13.00    4.3958e+01   3.1664e+00   0  r  0.00 1
1023925  56569.000   -11.00    5.0151e+01   3.4831e+00   0  r  0.00 1
1023925  56571.000    -9.00    5.5437e+01   3.7072e+00   0  r  0.00 1
1023925  56573.000    -7.00    5.8852e+01   3.7836e+00   0  r  0.00 1
1023925  56575.000    -5.00    6.1365e+01   3.7869e+00   0  r  0.00 1
1023925  56577.000    -3.00    6.3195e+01   3.7367e+00   0  r  0.00 1
1023925  56579.000    -1.00    6.4221e+01   3.6317e+00   0  r  0.00 1
1023925  56581.000     1.00    6.4601e+01   3.6532e+00   0  r  0.00 1
1023925  56583.000     3.00    6.4322e+01   3.8034e+00   0  r  0.00 1
1023925  56585.000     5.00    6.3131e+01   3.8958e+00   0  r  0.00 1
1023925  56587.000     7.00    6.1382e+01   3.9463e+00   0  r  0.00 1
1023925  56589.000     9.00    5.9222e+01   3.9602e+00   0  r  0.00 1
1023925  56591.000    11.00    5.6629e+01   3.9330e+00   0  r  0.00 1
1023925  56593.000    13.00    5.3614e+01   3.8619e+00   0  r  0.00 1
1023925  56595.000    15.00    5.0475e+01   3.7661e+00   0  r  0.00 1
1023925  56597.000    17.00    4.7267e+01   3.6487e+00   0  r  0.00 1
1023925  56599.000    19.00    4.3845e+01   3.4976e+00   0  r  0.00 1
1023925  56601.000    21.00    4.0357e+01   3.3235e+00   0  r  0.00 1
1023925  56603.000    23.00    3.6918e+01   3.1356e+00   0  r  0.00 1
1023925  56605.000    25.00    3.3997e+01   2.9752e+00   0  r  0.00 1
1023925  56607.000    27.00    3.1428e+01   2.8315e+00   0  r  0.00 1
1023925  56609.000    29.00    2.9064e+01   2.7019e+00   0  r  0.00 1
1023925  56611.000    31.00    2.6728e+01   2.5881e+00   0  r  0.00 1
1023925  56613.000    33.00    2.4482e+01   2.4654e+00   0  r  0.00 1
1023925  56615.000    35.00    2.2373e+01   2.3396e+00   0  r  0.00 1
1023925  56617.000    37.00    2.0400e+01   2.2123e+00   0  r  0.00 1
1023925  56619.000    39.00    1.8569e+01   2.0856e+00   0  r  0.00 1
1023925  56621.000    41.00    1.6889e+01   1.9622e+00   0  r  0.00 1
1023925  56623.000    43.00    1.5355e+01   1.8434e+00   0  r  0.00 1
1023925  56625.000    45.00    1.3989e+01   1.7336e+00   0  r  0.00 1
1023925  56627.000    47.00    1.2835e+01   1.6403e+00   0  r  0.00 1
1023925  56629.000    49.00    1.1852e+01   1.5605e+00   0  r  0.00 1
1023925  56631.000    51.00    1.1043e+01   1.4967e+00   0  r  0.00 1
1023925  56633.000    53.00    1.0344e+01   1.4420e+00   0  r  0.00 1
1023925  56635.000    55.00    9.7033e+00   1.3903e+00   0  r  0.00 1
1023925  56637.000    57.00    9.1050e+00   1.3398e+00   0  r  0.00 1
1023925  56639.000    59.00    8.5901e+00   1.2973e+00   0  r  0.00 1
1023925  56641.000    61.00    8.1313e+00   1.2595e+00   0  r  0.00 1
1023925  56643.000    63.00    7.7197e+00   1.2256e+00   0  r  0.00 1
1023925  56645.000    65.00    7.3519e+00   1.1956e+00   0  r  0.00 1
1023925  56647.000    67.00    7.0016e+00   1.1658e+00   0  r  0.00 1
1023925  56649.000    69.00    6.6656e+00   1.1356e+00   0  r  0.00 1
1023925  56651.000    71.00    6.3399e+00   1.1047e+00   0  r  0.00 1
1023925  56653.000    73.00    6.0001e+00   1.0687e+00   0  r  0.00 1
1023925  56655.000    75.00    5.6718e+00   1.0322e+00   0  r  0.00 1
1023925  56657.000    77.00    5.3624e+00   9.9662e-01   0  r  0.00 1
1023925  56659.000    79.00    5.1027e+00   9.6810e-01   0  r  0.00 1
1023925  56661.000    81.00    4.8910e+00   9.4687e-01   0  r  0.00 1
1023925  56663.000    83.00    4.7219e+00   9.3242e-01   0  r  0.00 1
1023925  56665.000    85.00    4.5988e+00   9.2589e-01   0  r  0.00 1
1023925  56667.000    87.00    4.5011e+00   9.2365e-01   0  r  0.00 1
1023925  56669.000    89.00    4.4230e+00   9.2475e-01   0  r  0.00 1
1023925  56671.000    91.00    4.3656e+00   9.2963e-01   0  r  0.00 1
1023925  56673.000    93.00    4.3160e+00   9.3578e-01   0  r  0.00 1
1023925  56675.000    95.00    4.2721e+00   9.4280e-01   0  r  0.00 1
1023925  56677.000    97.00    4.2337e+00   9.5071e-01   0  r  0.00 1
1023925  56679.000    99.00    4.1906e+00   9.5726e-01   0  r  0.00 1
1023925  56681.000   101.00    4.1419e+00   9.6216e-01   0  r  0.00 1
1023925  56683.000   103.00    4.0885e+00   9.6557e-01   0  r  0.00 1
1023925  56685.000   105.00    4.0353e+00   9.6864e-01   0  r  0.00 1
1023925  56687.000   107.00    3.9774e+00   9.7013e-01   0  r  0.00 1
1023925  56689.000   109.00    3.9163e+00   9.7039e-01   0  r  0.00 1
1023925  56691.000   111.00    3.8512e+00   9.6917e-01   0  r  0.00 1
1023925  56693.000   113.00    3.7886e+00   9.6807e-01   0  r  0.00 1
1023925  56695.000   115.00    3.7273e+00   9.6685e-01   0  r  0.00 1
1023925  56697.000   117.00    3.6678e+00   9.6558e-01   0  r  0.00 1
1023925  56699.000   119.00    3.6055e+00   9.6314e-01   0  r  0.00 1
1023925  56701.000   121.00    3.5452e+00   9.6076e-01   0  r  0.00 1
1023925  56703.000   123.00    3.4882e+00   9.5881e-01   0  r  0.00 1
1023925  56705.000   125.00    3.4413e+00   9.5924e-01   0  r  0.00 1
1023925  56707.000   127.00    3.3978e+00   9.6027e-01   0  r  0.00 1
1023925  56709.000   129.00    0.0000e+00   0.0000e+00   0  r  0.00 1
1023925  56711.000   131.00    0.0000e+00   0.0000e+00   0  r  0.00 1
1023925  56713.000   133.00    0.0000e+00   0.0000e+00   0  r  0.00 1
1023925  56715.000   135.00    0.0000e+00   0.0000e+00   0  r  0.00 1
1023925  56717.000   137.00    0.0000e+00   0.0000e+00   0  r  0.00 1
1023925  56719.000   139.00    0.0000e+00   0.0000e+00   0  r  0.00 1
1023925  56536.254   -43.75    9.9180e+01   6.7020e+01  -1  z  2.19 1
1023925  56537.227   -42.77    5.1600e+01   2.1720e+01  -1  z  5.64 1
1023925  56543.289   -36.71    5.3390e+01   1.5610e+01  -1  z  11.70 1
1023925  56547.246   -32.75    4.0300e+01   1.5760e+01  -1  z  6.54 1
1023925  56551.238   -28.76    1.2880e+02   3.2440e+01  -1  z  15.76 1
1023925  56559.227   -20.77    5.8350e+01   1.9470e+01   1  z  1.97 1
1023925  56563.250   -16.75    7.5860e+01   1.5670e+01   1  z  3.07 1
1023925  56567.191   -12.81    4.7790e+01   1.5610e+01   1  z  0.15 1
1023925  56575.172    -4.83    5.0650e+01   1.7000e+01   1  z  1.60 1
1023925  56579.160    -0.84    7.7090e+01   1.8050e+01   1  z  0.00 1
1023925  56590.316    10.32    4.9700e+01   2.2790e+01   1  z  1.01 1
1023925  56594.125    14.12    8.8590e+01   2.2380e+01   1  z  0.89 1
1023925  56602.098    22.10    6.0440e+01   1.6790e+01   1  z  0.18 1
1023925  56606.090    26.09    1.4770e+01   3.3210e+01   1  z  0.95 1
1023925  56609.090    29.09    3.2990e+01   1.8290e+01   1  z  0.35 1
1023925  56616.078    36.08    5.1270e+01   3.0400e+01   1  z  0.12 1
1023925  56625.219    45.22    3.8910e+01   1.6100e+01   1  z  0.00 1
1023925  56629.047    49.05    4.0430e+01   2.1250e+01   1  z  0.02 1
1023925  56636.051    56.05    7.1330e+01   1.6970e+01   1  z  4.71 1
1023925  56645.145    65.14    6.4030e+01   1.6890e+01   1  z  4.84 1
1023925  56649.141    69.14    5.4080e+01   1.6830e+01   1  z  3.39 1
1023925  56653.152    73.15    1.2420e+00   2.4150e+01   1  z  0.55 1
1023925  56660.066    80.07    3.4680e+01   1.6480e+01   1  z  1.28 1
1023925  56669.051    89.05    4.8430e+01   1.9070e+01  -1  z  3.31 1
1023925  56676.066    96.07    5.1750e+01   1.6280e+01  -1  z  5.88 1
1023925  56683.047   103.05    6.8970e+01   1.8120e+01  -1  z  10.24 1
1023925  56690.070   110.07    6.1610e+01   1.6820e+01  -1  z  9.45 1
1023925  56697.043   117.04    6.0600e+01   1.7760e+01  -1  z  8.47 1
1023925  56521.000   -59.00    0.0000e+00   0.0000e+00   0  z  0.00 1
1023925  56523.000   -57.00    0.0000e+00   0.0000e+00   0  z  0.00 1
1023925  56525.000   -55.00    0.0000e+00   0.0000e+00   0  z  0.00 1
1023925  56527.000   -53.00    0.0000e+00   0.0000e+00   0  z  0.00 1
1023925  56529.000   -51.00    0.0000e+00   0.0000e+00   0  z  0.00 1
1023925  56531.000   -49.00    0.0000e+00   0.0000e+00   0  z  0.00 1
1023925  56533.000   -47.00    0.0000e+00   0.0000e+00   0  z  0.00 1
1023925  56535.000   -45.00    0.0000e+00   0.0000e+00   0  z  0.00 1
1023925  56537.000   -43.00    0.0000e+00   0.0000e+00   0  z  0.00 1
1023925  56539.000   -41.00    0.0000e+00   0.0000e+00   0  z  0.00 1
1023925  56541.000   -39.00    0.0000e+00   0.0000e+00   0  z  0.00 1
1023925  56543.000   -37.00    0.0000e+00   0.0000e+00   0  z  0.00 1
1023925  56545.000   -35.00    0.0000e+00   0.0000e+00   0  z  0.00 1
1023925  56547.000   -33.00    0.0000e+00   0.0000e+00   0  z  0.00 1
1023925  56549.000   -31.00    0.0000e+00   0.0000e+00   0  z  0.00 1
1023925  56551.000   -29.00    0.0000e+00   0.0000e+00   0  z  0.00 1
1023925  56553.000   -27.00    0.0000e+00   0.0000e+00   0  z  0.00 1
1023925  56555.000   -25.00    1.7293e+01   4.7782e+00   0  z  0.00 1
1023925  56557.000   -23.00    2.2505e+01   6.2181e+00   0  z  0.00 1
1023925  56559.000   -21.00    2.8103e+01   7.7650e+00   0  z  0.00 1
1023925  56561.000   -19.00    3.4334e+01   9.4864e+00   0  z  0.00 1
1023925  56563.000   -17.00    4.1051e+01   1.1342e+01   0  z  0.00 1
1023925  56565.000   -15.00    4.7311e+01   1.3072e+01   0  z  0.00 1
1023925  56567.000   -13.00    5.3530e+01   3.8559e+00   0  z  0.00 1
1023925  56569.000   -11.00    5.9583e+01   4.1381e+00   0  z  0.00 1
1023925  56571.000    -9.00    6.4869e+01   4.3379e+00   0  z  0.00 1
1023925  56573.000    -7.00    6.9126e+01   4.4442e+00   0  z  0.00 1
1023925  56575.000    -5.00    7.2657e+01   4.4837e+00   0  z  0.00 1
1023925  56577.000    -3.00    7.5315e+01   4.4534e+00   0  z  0.00 1
1023925  56579.000    -1.00    7.7126e+01   4.3615e+00   0  z  0.00 1
1023925  56581.000     1.00    7.8271e+01   4.4262e+00   0  z  0.00 1
1023925  56583.000     3.00    7.8705e+01   4.6538e+00   0  z  0.00 1
1023925  56585.000     5.00    7.7983e+01   4.8124e+00   0  z  0.00 1
1023925  56587.000     7.00    7.6666e+01   4.9289e+00   0  z  0.00 1
1023925  56589.000     9.00    7.4824e+01   5.0036e+00   0  z  0.00 1
1023925  56591.000    11.00    7.2250e+01   5.0179e+00   0  z  0.00 1
1023925  56593.000    13.00    6.8935e+01   4.9655e+00   0  z  0.00 1
1023925  56595.000    15.00    6.5379e+01   4.8781e+00   0  z  0.00 1
1023925  56597.000    17.00    6.1694e+01   4.7623e+00   0  z  0.00 1
1023925  56599.000    19.00    5.8141e+01   4.6381e+00   0  z  0.00 1
1023925  56601.000    21.00    5.4818e+01   4.5144e+00   0  z  0.00 1
1023925  56603.000    23.00    5.1704e+01   4.3914e+00   0  z  0.00 1
1023925  56605.000    25.00    4.8798e+01   4.2705e+00   0  z  0.00 1
1023925  56607.000    27.00    4.6264e+01   4.1681e+00   0  z  0.00 1
1023925  56609.000    29.00    4.4112e+01   4.1008e+00   0  z  0.00 1
1023925  56611.000    31.00    4.2568e+01   4.1219e+00   0  z  0.00 1
1023925  56613.000    33.00    4.1518e+01   4.1810e+00   0  z  0.00 1
1023925  56615.000    35.00    4.0742e+01   4.2605e+00   0  z  0.00 1
1023925  56617.000    37.00    4.0201e+01   4.3596e+00   0  z  0.00 1
1023925  56619.000    39.00    3.9862e+01   4.4771e+00   0  z  0.00 1
1023925  56621.000    41.00    3.9504e+01   4.5897e+00   0  z  0.00 1
1023925  56623.000    43.00    3.9098e+01   4.6940e+00   0  z  0.00 1
1023925  56625.000    45.00    3.8541e+01   4.7762e+00   0  z  0.00 1
1023925  56627.000    47.00    3.7886e+01   4.8417e+00   0  z  0.00 1
1023925  56629.000    49.00    3.7126e+01   4.8883e+00   0  z  0.00 1
1023925  56631.000    51.00    3.6164e+01   4.9016e+00   0  z  0.00 1
1023925  56633.000    53.00    3.5024e+01   4.8825e+00   0  z  0.00 1
1023925  56635.000    55.00    3.3778e+01   4.8397e+00   0  z  0.00 1
1023925  56637.000    57.00    3.2434e+01   4.7726e+00   0  z  0.00 1
1023925  56639.000    59.00    3.0889e+01   4.6648e+00   0  z  0.00 1
1023925  56641.000    61.00    2.9274e+01   4.5342e+00   0  z  0.00 1
1023925  56643.000    63.00    2.7611e+01   4.3835e+00   0  z  0.00 1
1023925  56645.000    65.00    2.5875e+01   4.2081e+00   0  z  0.00 1
1023925  56647.000    67.00    2.4135e+01   4.0184e+00   0  z  0.00 1
1023925  56649.000    69.00    2.2447e+01   3.8243e+00   0  z  0.00 1
1023925  56651.000    71.00    2.0847e+01   3.6324e+00   0  z  0.00 1
1023925  56653.000    73.00    1.9393e+01   3.4541e+00   0  z  0.00 1
1023925  56655.000    75.00    1.8115e+01   3.2966e+00   0  z  0.00 1
1023925  56657.000    77.00    1.7020e+01   3.1632e+00   0  z  0.00 1
1023925  56659.000    79.00    1.6161e+01   3.0662e+00   0  z  0.00 1
1023925  56661.000    81.00    1.5435e+01   2.9882e+00   0  z  0.00 1
1023925  56663.000    83.00    1.4820e+01   2.9264e+00   0  z  0.00 1
1023925  56665.000    85.00    1.4309e+01   2.8808e+00   0  z  0.00 1
1023925  56667.000    87.00    1.3838e+01   2.8397e+00   0  z  0.00 1
1023925  56669.000    89.00    1.3387e+01   2.7989e+00   0  z  0.00 1
1023925  56671.000    91.00    1.2931e+01   2.7537e+00   0  z  0.00 1
1023925  56673.000    93.00    1.2472e+01   2.7040e+00   0  z  0.00 1
1023925  56675.000    95.00    1.2015e+01   2.6515e+00   0  z  0.00 1
1023925  56677.000    97.00    1.1561e+01   2.5961e+00   0  z  0.00 1
1023925  56679.000    99.00    1.1159e+01   2.5491e+00   0  z  0.00 1
1023925  56681.000   101.00    1.0790e+01   2.5066e+00   0  z  0.00 1
1023925  56683.000   103.00    1.0453e+01   2.4687e+00   0  z  0.00 1
1023925  56685.000   105.00    1.0143e+01   2.4347e+00   0  z  0.00 1
1023925  56687.000   107.00    9.8446e+00   2.4012e+00   0  z  0.00 1
1023925  56689.000   109.00    9.5587e+00   2.3685e+00   0  z  0.00 1
1023925  56691.000   111.00    9.2871e+00   2.3371e+00   0  z  0.00 1
1023925  56693.000   113.00    9.0232e+00   2.3056e+00   0  z  0.00 1
1023925  56695.000   115.00    8.7668e+00   2.2740e+00   0  z  0.00 1
1023925  56697.000   117.00    8.5161e+00   2.2420e+00   0  z  0.00 1
1023925  56699.000   119.00    8.2688e+00   2.2089e+00   0  z  0.00 1
1023925  56701.000   121.00    8.0316e+00   2.1766e+00   0  z  0.00 1
1023925  56703.000   123.00    7.8033e+00   2.1449e+00   0  z  0.00 1
1023925  56705.000   125.00    7.5795e+00   2.1127e+00   0  z  0.00 1
1023925  56707.000   127.00    7.3695e+00   2.0827e+00   0  z  0.00 1
1023925  56709.000   129.00    0.0000e+00   0.0000e+00   0  z  0.00 1
1023925  56711.000   131.00    0.0000e+00   0.0000e+00   0  z  0.00 1
1023925  56713.000   133.00    0.0000e+00   0.0000e+00   0  z  0.00 1
1023925  56715.000   135.00    0.0000e+00   0.0000e+00   0  z  0.00 1
1023925  56717.000   137.00    0.0000e+00   0.0000e+00   0  z  0.00 1
1023925  56719.000   139.00    0.0000e+00   0.0000e+00   0  z  0.00 1
1023925  56536.246   -38.75    4.6110e+01   2.9520e+01  -1  i  2.44 2
1023925  56537.227   -37.77    3.0890e+01   1.5930e+01  -1  i  3.76 2
1023925  56543.285   -31.71    5.9760e+01   1.2190e+01  -1  i  24.03 2
1023925  56547.242   -27.76    2.6580e+01   1.1660e+01  -1  i  5.20 2
1023925  56551.234   -23.77    3.7460e+01   2.0220e+01  -1  i  3.43 2
1023925  56559.223   -15.78    8.9580e+00   1.7440e+01   1  i  2.74 2
1023925  56563.246   -11.75    1.0850e+02   1.2010e+01   1  i  18.66 2
1023925  56567.188    -7.81    6.0090e+01   1.1850e+01   1  i  0.07 2
1023925  56575.168     0.17    6.0850e+01   1.3780e+01   1  i  1.46 2
1023925  56579.156     4.16    5.4400e+01   1.6100e+01   1  i  1.92 2
1023925  56590.316    15.32    2.3600e+01   2.2310e+01   1  i  2.38 2
1023925  56594.121    19.12    2.9750e+01   1.7520e+01   1  i  1.49 2
1023925  56602.094    27.09    1.4340e+02   1.1410e+01  -1  i  71.57 2
1023925  56606.086    31.09    4.5000e+01   2.3070e+01   1  i  0.07 2
1023925  56609.086    34.09    6.7180e+01   1.5400e+01   1  i  3.72 2
1023925  56616.078    41.08    4.9380e+00   2.2250e+01   1  i  1.42 2
1023925  56625.215    50.21    7.1990e+01   1.2810e+01   1  i  11.92 2
1023925  56629.043    54.04    4.1300e+01   1.5160e+01   1  i  1.10 2
1023925  56645.141    70.14    1.0160e+02   1.3880e+01  -1  i  32.82 2
1023925  56649.137    74.14    6.3060e+01   1.2820e+01   1  i  11.00 2
1023925  56653.152    78.15    4.1680e+01   1.3580e+01   1  i  2.75 2
1023925  56660.066    85.07    4.9700e+01   1.2770e+01   1  i  6.20 2
1023925  56669.047    94.05    1.2380e+02   1.4580e+01  -1  i  72.10 2
1023925  56676.062   101.06    4.9340e+01   1.3190e+01  -1  i  13.99 2
1023925  56683.043   108.04    3.8750e+01   1.3780e+01  -1  i  7.91 2
1023925  56690.070   115.07    4.9220e+01   1.5090e+01  -1  i  10.64 2
1023925  56697.039   122.04    1.5990e+02   1.3300e+01  -1  i  144.54 2
1023925  56516.000   -59.00    0.0000e+00   0.0000e+00   0  i  0.00 2
1023925  56518.000   -57.00    0.0000e+00   0.0000e+00   0  i  0.00 2
1023925  56520.000   -55.00    0.0000e+00   0.0000e+00   0  i  0.00 2
1023925  56522.000   -53.00    0.0000e+00   0.0000e+00   0  i  0.00 2
1023925  56524.000   -51.00    0.0000e+00   0.0000e+00   0  i  0.00 2
1023925  56526.000   -49.00    0.0000e+00   0.0000e+00   0  i  0.00 2
1023925  56528.000   -47.00    0.0000e+00   0.0000e+00   0  i  0.00 2
1023925  56530.000   -45.00    0.0000e+00   0.0000e+00   0  i  0.00 2
1023925  56532.000   -43.00    0.0000e+00   0.0000e+00   0  i  0.00 2
1023925  56534.000   -41.00    0.0000e+00   0.0000e+00   0  i  0.00 2
1023925  56536.000   -39.00    0.0000e+00   0.0000e+00   0  i  0.00 2
1023925  56538.000   -37.00    0.0000e+00   0.0000e+00   0  i  0.00 2
1023925  56540.000   -35.00    0.0000e+00   0.0000e+00   0  i  0.00 2
1023925  56542.000   -33.00    0.0000e+00   0.0000e+00   0  i  0.00 2
1023925  56544.000   -31.00    0.0000e+00   0.0000e+00   0  i  0.00 2
1023925  56546.000   -29.00    0.0000e+00   0.0000e+00   0  i  0.00 2
1023925  56548.000   -27.00    0.0000e+00   0.0000e+00   0  i  0.00 2
1023925  56550.000   -25.00    0.0000e+00   0.0000e+00   0  i  0.00 2
1023925  56552.000   -23.00    0.0000e+00   0.0000e+00   0  i  0.00 2
1023925  56554.000   -21.00    0.0000e+00   0.0000e+00   0  i  0.00 2
1023925  56556.000   -19.00    1.2774e+01   9.7016e-01   0  i  0.00 2
1023925  56558.000   -17.00    2.8215e+01   2.0815e+00   0  i  0.00 2
1023925  56560.000   -15.00    4.1618e+01   2.9796e+00   0  i  0.00 2
1023925  56562.000   -13.00    5.0517e+01   3.5067e+00   0  i  0.00 2
1023925  56564.000   -11.00    5.6317e+01   3.7866e+00   0  i  0.00 2
1023925  56566.000    -9.00    6.0847e+01   3.9587e+00   0  i  0.00 2
1023925  56568.000    -7.00    6.5115e+01   4.0946e+00   0  i  0.00 2
1023925  56570.000    -5.00    6.9183e+01   4.1997e+00   0  i  0.00 2
1023925  56572.000    -3.00    7.3161e+01   4.2819e+00   0  i  0.00 2
1023925  56574.000    -1.00    7.6637e+01   4.3184e+00   0  i  0.00 2
1023925  56576.000     1.00    7.8545e+01   4.4259e+00   0  i  0.00 2
1023925  56578.000     3.00    7.8408e+01   4.5890e+00   0  i  0.00 2
1023925  56580.000     5.00    7.6856e+01   4.6655e+00   0  i  0.00 2
1023925  56582.000     7.00    7.4542e+01   4.6874e+00   0  i  0.00 2
1023925  56584.000     9.00    7.1207e+01   4.6327e+00   0  i  0.00 2
1023925  56586.000    11.00    6.8140e+01   4.5816e+00   0  i  0.00 2
1023925  56588.000    13.00    6.3574e+01   4.4130e+00   0  i  0.00 2
1023925  56590.000    15.00    5.9243e+01   4.2414e+00   0  i  0.00 2
1023925  56592.000    17.00    5.5325e+01   4.0814e+00   0  i  0.00 2
1023925  56594.000    19.00    5.1861e+01   3.9388e+00   0  i  0.00 2
1023925  56596.000    21.00    4.8879e+01   3.8187e+00   0  i  0.00 2
1023925  56598.000    23.00    4.6306e+01   3.7186e+00   0  i  0.00 2
1023925  56600.000    25.00    4.4120e+01   3.6392e+00   0  i  0.00 2
1023925  56602.000    27.00    4.2314e+01   3.5823e+00   0  i  0.00 2
1023925  56604.000    29.00    4.0686e+01   3.5330e+00   0  i  0.00 2
1023925  56606.000    31.00    3.9098e+01   3.4804e+00   0  i  0.00 2
1023925  56608.000    33.00    3.7563e+01   3.4255e+00   0  i  0.00 2
1023925  56610.000    35.00    3.6071e+01   3.3680e+00   0  i  0.00 2
1023925  56612.000    37.00    3.4600e+01   3.3060e+00   0  i  0.00 2
1023925  56614.000    39.00    3.3156e+01   3.2402e+00   0  i  0.00 2
1023925  56616.000    41.00    3.1757e+01   3.1727e+00   0  i  0.00 2
1023925  56618.000    43.00    3.0437e+01   3.1071e+00   0  i  0.00 2
1023925  56620.000    45.00    2.9220e+01   3.0465e+00   0  i  0.00 2
1023925  56622.000    47.00    2.8137e+01   2.9949e+00   0  i  0.00 2
1023925  56624.000    49.00    2.7172e+01   2.9513e+00   0  i  0.00 2
1023925  56626.000    51.00    2.6300e+01   2.9139e+00   0  i  0.00 2
1023925  56628.000    53.00    2.5511e+01   2.8820e+00   0  i  0.00 2
1023925  56630.000    55.00    2.4790e+01   2.8546e+00   0  i  0.00 2
1023925  56632.000    57.00    2.4126e+01   2.8306e+00   0  i  0.00 2
1023925  56634.000    59.00    2.3509e+01   2.8095e+00   0  i  0.00 2
1023925  56636.000    61.00    2.2938e+01   2.7912e+00   0  i  0.00 2
1023925  56638.000    63.00    2.2402e+01   2.7747e+00   0  i  0.00 2
1023925  56640.000    65.00    2.1878e+01   2.7574e+00   0  i  0.00 2
1023925  56642.000    67.00    2.1366e+01   2.7394e+00   0  i  0.00 2
1023925  56644.000    69.00    2.0866e+01   2.7208e+00   0  i  0.00 2
1023925  56646.000    71.00    2.0378e+01   2.7015e+00   0  i  0.00 2
1023925  56648.000    73.00    1.9901e+01   2.6817e+00   0  i  0.00 2
1023925  56650.000    75.00    1.9436e+01   2.6613e+00   0  i  0.00 2
1023925  56652.000    77.00    1.8985e+01   2.6408e+00   0  i  0.00 2
1023925  56654.000    79.00    1.8552e+01   2.6211e+00   0  i  0.00 2
1023925  56656.000    81.00    1.8118e+01   2.5993e+00   0  i  0.00 2
1023925  56658.000    83.00    1.7696e+01   2.5772e+00   0  i  0.00 2
1023925  56660.000    85.00    1.7282e+01   2.5546e+00   0  i  0.00 2
1023925  56662.000    87.00    1.6886e+01   2.5328e+00   0  i  0.00 2
1023925  56664.000    89.00    1.6495e+01   2.5101e+00   0  i  0.00 2
1023925  56666.000    91.00    1.1099e+00   1.7131e-01   0  i  0.00 2
1023925  56668.000    93.00    0.0000e+00   0.0000e+00   0  i  0.00 2
1023925  56670.000    95.00    0.0000e+00   0.0000e+00   0  i  0.00 2
1023925  56672.000    97.00    0.0000e+00   0.0000e+00   0  i  0.00 2
1023925  56674.000    99.00    0.0000e+00   0.0000e+00   0  i  0.00 2
1023925  56676.000   101.00    0.0000e+00   0.0000e+00   0  i  0.00 2
1023925  56678.000   103.00    0.0000e+00   0.0000e+00   0  i  0.00 2
1023925  56680.000   105.00    0.0000e+00   0.0000e+00   0  i  0.00 2
1023925  56682.000   107.00    0.0000e+00   0.0000e+00   0  i  0.00 2
1023925  56684.000   109.00    0.0000e+00   0.0000e+00   0  i  0.00 2
1023925  56686.000   111.00    0.0000e+00   0.0000e+00   0  i  0.00 2
1023925  56688.000   113.00    0.0000e+00   0.0000e+00   0  i  0.00 2
1023925  56690.000   115.00    0.0000e+00   0.0000e+00   0  i  0.00 2
1023925  56692.000   117.00    0.0000e+00   0.0000e+00   0  i  0.00 2
1023925  56694.000   119.00    0.0000e+00   0.0000e+00   0  i  0.00 2
1023925  56696.000   121.00    0.0000e+00   0.0000e+00   0  i  0.00 2
1023925  56698.000   123.00    0.0000e+00   0.0000e+00   0  i  0.00 2
1023925  56700.000   125.00    0.0000e+00   0.0000e+00   0  i  0.00 2
1023925  56702.000   127.00    0.0000e+00   0.0000e+00   0  i  0.00 2
1023925  56704.000   129.00    0.0000e+00   0.0000e+00   0  i  0.00 2
1023925  56706.000   131.00    0.0000e+00   0.0000e+00   0  i  0.00 2
1023925  56708.000   133.00    0.0000e+00   0.0000e+00   0  i  0.00 2
1023925  56710.000   135.00    0.0000e+00   0.0000e+00   0  i  0.00 2
1023925  56712.000   137.00    0.0000e+00   0.0000e+00   0  i  0.00 2
1023925  56714.000   139.00    0.0000e+00   0.0000e+00   0  i  0.00 2
1023925  56534.234   -40.77    1.6570e+01   1.1240e+01  -1  r  2.17 2
1023925  56536.242   -38.76    1.5490e+01   2.7940e+01  -1  r  0.31 2
1023925  56537.223   -37.78    1.0690e+01   1.2920e+01  -1  r  0.68 2
1023925  56543.285   -31.71    2.0970e+01   9.1380e+00  -1  r  5.27 2
1023925  56547.242   -27.76    3.0610e+01   9.2110e+00  -1  r  11.04 2
1023925  56551.234   -23.77    1.9140e+01   2.1540e+01  -1  r  0.79 2
1023925  56559.223   -15.78    3.6040e+01   1.6480e+01   1  r  0.16 2
1023925  56563.246   -11.75    2.0890e+01   1.0380e+01   1  r  3.79 2
1023925  56567.188    -7.81    3.3060e+01   9.1180e+00   1  r  2.05 2
1023925  56575.164     0.16    2.8490e+01   1.2310e+01   1  r  3.08 2
1023925  56590.312    15.31    3.6640e+01   1.6290e+01   1  r  0.09 2
1023925  56594.121    19.12    1.7530e+01   1.3460e+01   1  r  0.37 2
1023925  56602.094    27.09    3.2000e+01   1.2330e+01   1  r  0.84 2
1023925  56606.082    31.08    3.7910e+01   1.7960e+01   1  r  1.12 2
1023925  56609.086    34.09    2.9530e+01   1.3960e+01   1  r  0.69 2
1023925  56616.074    41.07    5.0090e+01   1.8400e+01   1  r  3.36 2
1023925  56625.215    50.21    2.5170e+01   1.0720e+01   1  r  0.97 2
1023925  56629.039    54.04    2.2080e+01   1.0820e+01   1  r  0.59 2
1023925  56636.043    61.04    1.9310e+01   1.1440e+01   1  r  0.38 2
1023925  56645.137    70.14    3.3380e+01   1.3250e+01   1  r  2.90 2
1023925  56649.133    74.13    2.1860e+01   1.0040e+01   1  r  1.35 2
1023925  56653.148    78.15    7.9480e+00   1.0630e+01   1  r  0.02 2
1023925  56660.062    85.06    2.5370e+01   1.0280e+01   1  r  2.59 2
1023925  56669.047    94.05    4.1020e+01   1.5570e+01  -1  r  6.94 2
1023925  56676.059   101.06    3.2920e+01   1.1190e+01  -1  r  8.65 2
1023925  56683.043   108.04    2.1900e+01   1.0990e+01  -1  r  3.97 2
1023925  56690.066   115.07    2.7130e+01   1.1270e+01  -1  r  5.79 2
1023925  56697.039   122.04    1.3560e+01   1.4800e+01  -1  r  0.84 2
1023925  56516.000   -59.00    0.0000e+00   0.0000e+00   0  r  0.00 2
1023925  56518.000   -57.00    0.0000e+00   0.0000e+00   0  r  0.00 2
1023925  56520.000   -55.00    0.0000e+00   0.0000e+00   0  r  0.00 2
1023925  56522.000   -53.00    0.0000e+00   0.0000e+00   0  r  0.00 2
1023925  56524.000   -51.00    0.0000e+00   0.0000e+00   0  r  0.00 2
1023925  56526.000   -49.00    0.0000e+00   0.0000e+00   0  r  0.00 2
1023925  56528.000   -47.00    0.0000e+00   0.0000e+00   0  r  0.00 2
1023925  56530.000   -45.00    0.0000e+00   0.0000e+00   0  r  0.00 2
1023925  56532.000   -43.00    0.0000e+00   0.0000e+00   0  r  0.00 2
1023925  56534.000   -41.00    0.0000e+00   0.0000e+00   0  r  0.00 2
1023925  56536.000   -39.00    0.0000e+00   0.0000e+00   0  r  0.00 2
1023925  56538.000   -37.00    0.0000e+00   0.0000e+00   0  r  0.00 2
1023925  56540.000   -35.00    0.0000e+00   0.0000e+00   0  r  0.00 2
1023925  56542.000   -33.00    0.0000e+00   0.0000e+00   0  r  0.00 2
1023925  56544.000   -31.00    0.0000e+00   0.0000e+00   0  r  0.00 2
1023925  56546.000   -29.00    0.0000e+00   0.0000e+00   0  r  0.00 2
1023925  56548.000   -27.00    0.0000e+00   0.0000e+00   0  r  0.00 2
1023925  56550.000   -25.00    0.0000e+00   0.0000e+00   0  r  0.00 2
1023925  56552.000   -23.00    0.0000e+00   0.0000e+00   0  r  0.00 2
1023925  56554.000   -21.00    0.0000e+00   0.0000e+00   0  r  0.00 2
1023925  56556.000   -19.00    1.0328e+01   7.8437e-01   0  r  0.00 2
1023925  56558.000   -17.00    2.2170e+01   1.6355e+00   0  r  0.00 2
1023925  56560.000   -15.00    3.2163e+01   2.3027e+00   0  r  0.00 2
1023925  56562.000   -13.00    3.9095e+01   2.7138e+00   0  r  0.00 2
1023925  56564.000   -11.00    4.3299e+01   2.9113e+00   0  r  0.00 2
1023925  56566.000    -9.00    4.5835e+01   2.9820e+00   0  r  0.00 2
1023925  56568.000    -7.00    4.7472e+01   2.9852e+00   0  r  0.00 2
1023925  56570.000    -5.00    4.8574e+01   2.9486e+00   0  r  0.00 2
1023925  56572.000    -3.00    4.9518e+01   2.8981e+00   0  r  0.00 2
1023925  56574.000    -1.00    5.0253e+01   2.8317e+00   0  r  0.00 2
1023925  56576.000     1.00    5.1083e+01   2.8785e+00   0  r  0.00 2
1023925  56578.000     3.00    5.1866e+01   3.0355e+00   0  r  0.00 2
1023925  56580.000     5.00    5.1542e+01   3.1288e+00   0  r  0.00 2
1023925  56582.000     7.00    4.9095e+01   3.0872e+00   0  r  0.00 2
1023925  56584.000     9.00    4.5768e+01   2.9777e+00   0  r  0.00 2
1023925  56586.000    11.00    4.0581e+01   2.7286e+00   0  r  0.00 2
1023925  56588.000    13.00    3.6469e+01   2.5315e+00   0  r  0.00 2
1023925  56590.000    15.00    3.2246e+01   2.3086e+00   0  r  0.00 2
1023925  56592.000    17.00    2.8658e+01   2.1141e+00   0  r  0.00 2
1023925  56594.000    19.00    2.5918e+01   1.9684e+00   0  r  0.00 2
1023925  56596.000    21.00    2.3977e+01   1.8733e+00   0  r  0.00 2
1023925  56598.000    23.00    2.2732e+01   1.8255e+00   0  r  0.00 2
1023925  56600.000    25.00    2.1705e+01   1.7903e+00   0  r  0.00 2
1023925  56602.000    27.00    2.0633e+01   1.7468e+00   0  r  0.00 2
1023925  56604.000    29.00    1.9646e+01   1.7060e+00   0  r  0.00 2
1023925  56606.000    31.00    1.8847e+01   1.6777e+00   0  r  0.00 2
1023925  56608.000    33.00    1.8160e+01   1.6561e+00   0  r  0.00 2
1023925  56610.000    35.00    1.7545e+01   1.6382e+00   0  r  0.00 2
1023925  56612.000    37.00    1.7004e+01   1.6247e+00   0  r  0.00 2
1023925  56614.000    39.00    1.6570e+01   1.6193e+00   0  r  0.00 2
1023925  56616.000    41.00    1.6241e+01   1.6225e+00   0  r  0.00 2
1023925  56618.000    43.00    1.5937e+01   1.6269e+00   0  r  0.00 2
1023925  56620.000    45.00    1.5614e+01   1.6279e+00   0  r  0.00 2
1023925  56622.000    47.00    1.5228e+01   1.6208e+00   0  r  0.00 2
1023925  56624.000    49.00    1.4788e+01   1.6062e+00   0  r  0.00 2
1023925  56626.000    51.00    1.4339e+01   1.5887e+00   0  r  0.00 2
1023925  56628.000    53.00    1.3894e+01   1.5697e+00   0  r  0.00 2
1023925  56630.000    55.00    1.3465e+01   1.5505e+00   0  r  0.00 2
1023925  56632.000    57.00    1.3050e+01   1.5311e+00   0  r  0.00 2
1023925  56634.000    59.00    1.2637e+01   1.5102e+00   0  r  0.00 2
1023925  56636.000    61.00    1.2234e+01   1.4886e+00   0  r  0.00 2
1023925  56638.000    63.00    1.1860e+01   1.4690e+00   0  r  0.00 2
1023925  56640.000    65.00    1.1489e+01   1.4480e+00   0  r  0.00 2
1023925  56642.000    67.00    1.1165e+01   1.4315e+00   0  r  0.00 2
1023925  56644.000    69.00    1.0853e+01   1.4152e+00   0  r  0.00 2
1023925  56646.000    71.00    1.0552e+01   1.3988e+00   0  r  0.00 2
1023925  56648.000    73.00    1.0263e+01   1.3829e+00   0  r  0.00 2
1023925  56650.000    75.00    9.9816e+00   1.3668e+00   0  r  0.00 2
1023925  56652.000    77.00    9.7087e+00   1.3505e+00   0  r  0.00 2
1023925  56654.000    79.00    9.4423e+00   1.3340e+00   0  r  0.00 2
1023925  56656.000    81.00    9.1842e+00   1.3176e+00   0  r  0.00 2
1023925  56658.000    83.00    8.9388e+00   1.3018e+00   0  r  0.00 2
1023925  56660.000    85.00    8.6960e+00   1.2854e+00   0  r  0.00 2
1023925  56662.000    87.00    8.4621e+00   1.2693e+00   0  r  0.00 2
1023925  56664.000    89.00    8.2368e+00   1.2534e+00   0  r  0.00 2
1023925  56666.000    91.00    7.0372e-01   1.0862e-01   0  r  0.00 2
1023925  56668.000    93.00    0.0000e+00   0.0000e+00   0  r  0.00 2
1023925  56670.000    95.00    0.0000e+00   0.0000e+00   0  r  0.00 2
1023925  56672.000    97.00    0.0000e+00   0.0000e+00   0  r  0.00 2
1023925  56674.000    99.00    0.0000e+00   0.0000e+00   0  r  0.00 2
1023925  56676.000   101.00    0.0000e+00   0.0000e+00   0  r  0.00 2
1023925  56678.000   103.00    0.0000e+00   0.0000e+00   0  r  0.00 2
1023925  56680.000   105.00    0.0000e+00   0.0000e+00   0  r  0.00 2
1023925  56682.000   107.00    0.0000e+00   0.0000e+00   0  r  0.00 2
1023925  56684.000   109.00    0.0000e+00   0.0000e+00   0  r  0.00 2
1023925  56686.000   111.00    0.0000e+00   0.0000e+00   0  r  0.00 2
1023925  56688.000   113.00    0.0000e+00   0.0000e+00   0  r  0.00 2
1023925  56690.000   115.00    0.0000e+00   0.0000e+00   0  r  0.00 2
1023925  56692.000   117.00    0.0000e+00   0.0000e+00   0  r  0.00 2
1023925  56694.000   119.00    0.0000e+00   0.0000e+00   0  r  0.00 2
1023925  56696.000   121.00    0.0000e+00   0.0000e+00   0  r  0.00 2
1023925  56698.000   123.00    0.0000e+00   0.0000e+00   0  r  0.00 2
1023925  56700.000   125.00    0.0000e+00   0.0000e+00   0  r  0.00 2
1023925  56702.000   127.00    0.0000e+00   0.0000e+00   0  r  0.00 2
1023925  56704.000   129.00    0.0000e+00   0.0000e+00   0  r  0.00 2
1023925  56706.000   131.00    0.0000e+00   0.0000e+00   0  r  0.00 2
1023925  56708.000   133.00    0.0000e+00   0.0000e+00   0  r  0.00 2
1023925  56710.000   135.00    0.0000e+00   0.0000e+00   0  r  0.00 2
1023925  56712.000   137.00    0.0000e+00   0.0000e+00   0  r  0.00 2
1023925  56714.000   139.00    0.0000e+00   0.0000e+00   0  r  0.00 2
1023925  56536.254   -38.75    9.9180e+01   6.7020e+01  -1  z  2.19 2
1023925  56537.227   -37.77    5.1600e+01   2.1720e+01  -1  z  5.64 2
1023925  56543.289   -31.71    5.3390e+01   1.5610e+01  -1  z  11.70 2
1023925  56547.246   -27.75    4.0300e+01   1.5760e+01  -1  z  6.54 2
1023925  56551.238   -23.76    1.2880e+02   3.2440e+01  -1  z  15.76 2
1023925  56559.227   -15.77    5.8350e+01   1.9470e+01   1  z  0.61 2
1023925  56563.250   -11.75    7.5860e+01   1.5670e+01   1  z  0.90 2
1023925  56567.191    -7.81    4.7790e+01   1.5610e+01   1  z  1.94 2
1023925  56575.172     0.17    5.0650e+01   1.7000e+01   1  z  4.09 2
1023925  56579.160     4.16    7.7090e+01   1.8050e+01   1  z  0.44 2
1023925  56590.316    15.32    4.9700e+01   2.2790e+01   1  z  1.41 2
1023925  56594.125    19.12    8.8590e+01   2.2380e+01   1  z  0.60 2
1023925  56602.098    27.10    6.0440e+01   1.6790e+01   1  z  0.00 2
1023925  56606.090    31.09    1.4770e+01   3.3210e+01   1  z  1.56 2
1023925  56609.090    34.09    3.2990e+01   1.8290e+01   1  z  1.23 2
1023925  56616.078    41.08    5.1270e+01   3.0400e+01   1  z  0.01 2
1023925  56625.219    50.22    3.8910e+01   1.6100e+01   1  z  0.04 2
1023925  56629.047    54.05    4.0430e+01   2.1250e+01   1  z  0.00 2
1023925  56636.051    61.05    7.1330e+01   1.6970e+01   1  z  3.66 2
1023925  56645.145    70.14    6.4030e+01   1.6890e+01   1  z  2.72 2
1023925  56649.141    74.14    5.4080e+01   1.6830e+01   1  z  1.29 2
1023925  56653.152    78.15    1.2420e+00   2.4150e+01   1  z  1.71 2
1023925  56660.066    85.07    3.4680e+01   1.6480e+01   1  z  0.02 2
1023925  56669.051    94.05    4.8430e+01   1.9070e+01  -1  z  6.45 2
1023925  56676.066   101.07    5.1750e+01   1.6280e+01  -1  z  10.10 2
1023925  56683.047   108.05    6.8970e+01   1.8120e+01  -1  z  14.49 2
1023925  56690.070   115.07    6.1610e+01   1.6820e+01  -1  z  13.42 2
1023925  56697.043   122.04    6.0600e+01   1.7760e+01  -1  z  11.64 2
1023925  56516.000   -59.00    0.0000e+00   0.0000e+00   0  z  0.00 2
1023925  56518.000   -57.00    0.0000e+00   0.0000e+00   0  z  0.00 2
1023925  56520.000   -55.00    0.0000e+00   0.0000e+00   0  z  0.00 2
1023925  56522.000   -53.00    0.0000e+00   0.0000e+00   0  z  0.00 2
1023925  56524.000   -51.00    0.0000e+00   0.0000e+00   0  z  0.00 2
1023925  56526.000   -49.00    0.0000e+00   0.0000e+00   0  z  0.00 2
1023925  56528.000   -47.00    0.0000e+00   0.0000e+00   0  z  0.00 2
1023925  56530.000   -45.00    0.0000e+00   0.0000e+00   0  z  0.00 2
1023925  56532.000   -43.00    0.0000e+00   0.0000e+00   0  z  0.00 2
1023925  56534.000   -41.00    0.0000e+00   0.0000e+00   0  z  0.00 2
1023925  56536.000   -39.00    0.0000e+00   0.0000e+00   0  z  0.00 2
1023925  56538.000   -37.00    0.0000e+00   0.0000e+00   0  z  0.00 2
1023925  56540.000   -35.00    0.0000e+00   0.0000e+00   0  z  0.00 2
1023925  56542.000   -33.00    0.0000e+00   0.0000e+00   0  z  0.00 2
1023925  56544.000   -31.00    0.0000e+00   0.0000e+00   0  z  0.00 2
1023925  56546.000   -29.00    0.0000e+00   0.0000e+00   0  z  0.00 2
1023925  56548.000   -27.00    0.0000e+00   0.0000e+00   0  z  0.00 2
1023925  56550.000   -25.00    0.0000e+00   0.0000e+00   0  z  0.00 2
1023925  56552.000   -23.00    0.0000e+00   0.0000e+00   0  z  0.00 2
1023925  56554.000   -21.00    0.0000e+00   0.0000e+00   0  z  0.00 2
1023925  56556.000   -19.00    1.4167e+01   1.0760e+00   0  z  0.00 2
1023925  56558.000   -17.00    3.1798e+01   2.3458e+00   0  z  0.00 2
1023925  56560.000   -15.00    4.6722e+01   3.3450e+00   0  z  0.00 2
1023925  56562.000   -13.00    5.6395e+01   3.9147e+00   0  z  0.00 2
1023925  56564.000   -11.00    6.2817e+01   4.2237e+00   0  z  0.00 2
1023925  56566.000    -9.00    6.7820e+01   4.4124e+00   0  z  0.00 2
1023925  56568.000    -7.00    7.2277e+01   4.5449e+00   0  z  0.00 2
1023925  56570.000    -5.00    7.6201e+01   4.6257e+00   0  z  0.00 2
1023925  56572.000    -3.00    8.0227e+01   4.6954e+00   0  z  0.00 2
1023925  56574.000    -1.00    8.4202e+01   4.7447e+00   0  z  0.00 2
1023925  56576.000     1.00    8.7321e+01   4.9205e+00   0  z  0.00 2
1023925  56578.000     3.00    8.9092e+01   5.2143e+00   0  z  0.00 2
1023925  56580.000     5.00    8.9446e+01   5.4298e+00   0  z  0.00 2
1023925  56582.000     7.00    8.8292e+01   5.5520e+00   0  z  0.00 2
1023925  56584.000     9.00    8.7716e+01   5.7068e+00   0  z  0.00 2
1023925  56586.000    11.00    8.6369e+01   5.8073e+00   0  z  0.00 2
1023925  56588.000    13.00    8.2452e+01   5.7234e+00   0  z  0.00 2
1023925  56590.000    15.00    7.8220e+01   5.6001e+00   0  z  0.00 2
1023925  56592.000    17.00    7.4357e+01   5.4854e+00   0  z  0.00 2
1023925  56594.000    19.00    7.0912e+01   5.3857e+00   0  z  0.00 2
1023925  56596.000    21.00    6.7827e+01   5.2991e+00   0  z  0.00 2
1023925  56598.000    23.00    6.5085e+01   5.2266e+00   0  z  0.00 2
1023925  56600.000    25.00    6.2754e+01   5.1761e+00   0  z  0.00 2
1023925  56602.000    27.00    6.0635e+01   5.1333e+00   0  z  0.00 2
1023925  56604.000    29.00    5.8733e+01   5.1002e+00   0  z  0.00 2
1023925  56606.000    31.00    5.6849e+01   5.0604e+00   0  z  0.00 2
1023925  56608.000    33.00    5.5025e+01   5.0179e+00   0  z  0.00 2
1023925  56610.000    35.00    5.3255e+01   4.9725e+00   0  z  0.00 2
1023925  56612.000    37.00    5.1542e+01   4.9248e+00   0  z  0.00 2
1023925  56614.000    39.00    4.9875e+01   4.8741e+00   0  z  0.00 2
1023925  56616.000    41.00    4.8248e+01   4.8202e+00   0  z  0.00 2
1023925  56618.000    43.00    4.6743e+01   4.7717e+00   0  z  0.00 2
1023925  56620.000    45.00    4.5390e+01   4.7324e+00   0  z  0.00 2
1023925  56622.000    47.00    4.4108e+01   4.6948e+00   0  z  0.00 2
1023925  56624.000    49.00    4.2950e+01   4.6650e+00   0  z  0.00 2
1023925  56626.000    51.00    4.1891e+01   4.6412e+00   0  z  0.00 2
1023925  56628.000    53.00    4.0915e+01   4.6222e+00   0  z  0.00 2
1023925  56630.000    55.00    4.0017e+01   4.6079e+00   0  z  0.00 2
1023925  56632.000    57.00    3.9185e+01   4.5975e+00   0  z  0.00 2
1023925  56634.000    59.00    3.8410e+01   4.5901e+00   0  z  0.00 2
1023925  56636.000    61.00    3.7729e+01   4.5910e+00   0  z  0.00 2
1023925  56638.000    63.00    3.7085e+01   4.5934e+00   0  z  0.00 2
1023925  56640.000    65.00    3.6509e+01   4.6015e+00   0  z  0.00 2
1023925  56642.000    67.00    3.5972e+01   4.6121e+00   0  z  0.00 2
1023925  56644.000    69.00    3.5445e+01   4.6219e+00   0  z  0.00 2
1023925  56646.000    71.00    3.4959e+01   4.6346e+00   0  z  0.00 2
1023925  56648.000    73.00    3.4508e+01   4.6499e+00   0  z  0.00 2
1023925  56650.000    75.00    3.4066e+01   4.6645e+00   0  z  0.00 2
1023925  56652.000    77.00    3.3657e+01   4.6819e+00   0  z  0.00 2
1023925  56654.000    79.00    3.3272e+01   4.7008e+00   0  z  0.00 2
1023925  56656.000    81.00    3.2894e+01   4.7190e+00   0  z  0.00 2
1023925  56658.000    83.00    3.2545e+01   4.7397e+00   0  z  0.00 2
1023925  56660.000    85.00    3.2202e+01   4.7599e+00   0  z  0.00 2
1023925  56662.000    87.00    3.1877e+01   4.7814e+00   0  z  0.00 2
1023925  56664.000    89.00    3.1579e+01   4.8054e+00   0  z  0.00 2
1023925  56666.000    91.00    1.7073e+00   2.6353e-01   0  z  0.00 2
1023925  56668.000    93.00    0.0000e+00   0.0000e+00   0  z  0.00 2
1023925  56670.000    95.00    0.0000e+00   0.0000e+00   0  z  0.00 2
1023925  56672.000    97.00    0.0000e+00   0.0000e+00   0  z  0.00 2
1023925  56674.000    99.00    0.0000e+00   0.0000e+00   0  z  0.00 2
1023925  56676.000   101.00    0.0000e+00   0.0000e+00   0  z  0.00 2
1023925  56678.000   103.00    0.0000e+00   0.0000e+00   0  z  0.00 2
1023925  56680.000   105.00    0.0000e+00   0.0000e+00   0  z  0.00 2
1023925  56682.000   107.00    0.0000e+00   0.0000e+00   0  z  0.00 2
1023925  56684.000   109.00    0.0000e+00   0.0000e+00   0  z  0.00 2
1023925  56686.000   111.00    0.0000e+00   0.0000e+00   0  z  0.00 2
1023925  56688.000   113.00    0.0000e+00   0.0000e+00   0  z  0.00 2
1023925  56690.000   115.00    0.0000e+00   0.0000e+00   0  z  0.00 2
1023925  56692.000   117.00    0.0000e+00   0.0000e+00   0  z  0.00 2
1023925  56694.000   119.00    0.0000e+00   0.0000e+00   0  z  0.00 2
1023925  56696.000   121.00    0.0000e+00   0.0000e+00   0  z  0.00 2
1023925  56698.000   123.00    0.0000e+00   0.0000e+00   0  z  0.00 2
1023925  56700.000   125.00    0.0000e+00   0.0000e+00   0  z  0.00 2
1023925  56702.000   127.00    0.0000e+00   0.0000e+00   0  z  0.00 2
1023925  56704.000   129.00    0.0000e+00   0.0000e+00   0  z  0.00 2
1023925  56706.000   131.00    0.0000e+00   0.0000e+00   0  z  0.00 2
1023925  56708.000   133.00    0.0000e+00   0.0000e+00   0  z  0.00 2
1023925  56710.000   135.00    0.0000e+00   0.0000e+00   0  z  0.00 2
1023925  56712.000   137.00    0.0000e+00   0.0000e+00   0  z  0.00 2
1023925  56714.000   139.00    0.0000e+00   0.0000e+00   0  z  0.00 2
1023925  56536.246   -24.75    4.6110e+01   2.9520e+01  -1  i  2.44 3
1023925  56537.227   -23.77    3.0890e+01   1.5930e+01  -1  i  3.76 3
1023925  56543.285   -17.71    5.9760e+01   1.2190e+01  -1  i  0.10 3
1023925  56547.242   -13.76    2.6580e+01   1.1660e+01  -1  i  9.01 3
1023925  56551.234    -9.77    3.7460e+01   2.0220e+01  -1  i  1.61 3
1023925  56559.223    -1.78    8.9580e+00   1.7440e+01   1  i  8.23 3
1023925  56563.246     2.25    1.0850e+02   1.2010e+01  -1  i  17.09 3
1023925  56567.188     6.19    6.0090e+01   1.1850e+01   1  i  0.22 3
1023925  56575.168    14.17    6.0850e+01   1.3780e+01   1  i  0.51 3
1023925  56579.156    18.16    5.4400e+01   1.6100e+01   1  i  0.08 3
1023925  56590.316    29.32    2.3600e+01   2.2310e+01   1  i  1.17 3
1023925  56594.121    33.12    2.9750e+01   1.7520e+01   1  i  1.03 3
1023925  56602.094    41.09    1.4340e+02   1.1410e+01  -1  i  60.21 3
1023925  56606.086    45.09    4.5000e+01   2.3070e+01   1  i  0.02 3
1023925  56609.086    48.09    6.7180e+01   1.5400e+01   1  i  1.41 3
1023925  56616.078    55.08    4.9380e+00   2.2250e+01   1  i  3.69 3
1023925  56625.215    64.21    7.1990e+01   1.2810e+01   1  i  2.27 3
1023925  56629.043    68.04    4.1300e+01   1.5160e+01   1  i  0.40 3
1023925  56645.141    84.14    1.0160e+02   1.3880e+01   1  i  7.43 3
1023925  56649.137    88.14    6.3060e+01   1.2820e+01   1  i  0.10 3
1023925  56653.152    92.15    4.1680e+01   1.3580e+01   1  i  1.09 3
1023925  56660.066    99.07    4.9700e+01   1.2770e+01   1  i  0.00 3
1023925  56669.047   108.05    1.2380e+02   1.4580e+01  -1  i  72.06 3
1023925  56676.062   115.06    4.9340e+01   1.3190e+01  -1  i  13.99 3
1023925  56683.043   122.04    3.8750e+01   1.3780e+01  -1  i  7.91 3
1023925  56690.070   129.07    4.9220e+01   1.5090e+01  -1  i  10.64 3
1023925  56697.039   136.04    1.5990e+02   1.3300e+01  -1  i  144.54 3
1023925  56502.000   -59.00    0.0000e+00   0.0000e+00   0  i  0.00 3
1023925  56504.000   -57.00    0.0000e+00   0.0000e+00   0  i  0.00 3
1023925  56506.000   -55.00    0.0000e+00   0.0000e+00   0  i  0.00 3
1023925  56508.000   -53.00    0.0000e+00   0.0000e+00   0  i  0.00 3
1023925  56510.000   -51.00    0.0000e+00   0.0000e+00   0  i  0.00 3
1023925  56512.000   -49.00    0.0000e+00   0.0000e+00   0  i  0.00 3
1023925  56514.000   -47.00    0.0000e+00   0.0000e+00   0  i  0.00 3
1023925  56516.000   -45.00    0.0000e+00   0.0000e+00   0  i  0.00 3
1023925  56518.000   -43.00    0.0000e+00   0.0000e+00   0  i  0.00 3
1023925  56520.000   -41.00    0.0000e+00   0.0000e+00   0  i  0.00 3
1023925  56522.000   -39.00    0.0000e+00   0.0000e+00   0  i  0.00 3
1023925  56524.000   -37.00    0.0000e+00   0.0000e+00   0  i  0.00 3
1023925  56526.000   -35.00    0.0000e+00   0.0000e+00   0  i  0.00 3
1023925  56528.000   -33.00    0.0000e+00   0.0000e+00   0  i  0.00 3
1023925  56530.000   -31.00    0.0000e+00   0.0000e+00   0  i  0.00 3
1023925  56532.000   -29.00    0.0000e+00   0.0000e+00   0  i  0.00 3
1023925  56534.000   -27.00    0.0000e+00   0.0000e+00   0  i  0.00 3
1023925  56536.000   -25.00    0.0000e+00   0.0000e+00   0  i  0.00 3
1023925  56538.000   -23.00    0.0000e+00   0.0000e+00   0  i  0.00 3
1023925  56540.000   -21.00    2.9829e+00   2.2699e-01   0  i  0.00 3
1023925  56542.000   -19.00    4.3259e+01   3.2061e+00   0  i  0.00 3
1023925  56544.000   -17.00    6.0612e+01   4.3718e+00   0  i  0.00 3
1023925  56546.000   -15.00    6.3381e+01   4.4458e+00   0  i  0.00 3
1023925  56548.000   -13.00    6.4292e+01   4.3821e+00   0  i  0.00 3
1023925  56550.000   -11.00    6.4074e+01   4.2401e+00   0  i  0.00 3
1023925  56552.000    -9.00    6.3195e+01   4.0565e+00   0  i  0.00 3
1023925  56554.000    -7.00    6.2138e+01   3.8654e+00   0  i  0.00 3
1023925  56556.000    -5.00    6.1308e+01   3.6921e+00   0  i  0.00 3
1023925  56558.000    -3.00    6.0540e+01   3.5256e+00   0  i  0.00 3
1023925  56560.000    -1.00    5.9517e+01   3.3480e+00   0  i  0.00 3
1023925  56562.000     1.00    5.8092e+01   3.2678e+00   0  i  0.00 3
1023925  56564.000     3.00    5.6447e+01   3.2873e+00   0  i  0.00 3
1023925  56566.000     5.00    5.5000e+01   3.3121e+00   0  i  0.00 3
1023925  56568.000     7.00    5.3782e+01   3.3456e+00   0  i  0.00 3
1023925  56570.000     9.00    5.2718e+01   3.3840e+00   0  i  0.00 3
1023925  56572.000    11.00    5.1818e+01   3.4290e+00   0  i  0.00 3
1023925  56574.000    13.00    5.1060e+01   3.4802e+00   0  i  0.00 3
1023925  56576.000    15.00    5.0434e+01   3.5376e+00   0  i  0.00 3
1023925  56578.000    17.00    5.0022e+01   3.6080e+00   0  i  0.00 3
1023925  56580.000    19.00    4.9554e+01   3.6726e+00   0  i  0.00 3
1023925  56582.000    21.00    4.9141e+01   3.7394e+00   0  i  0.00 3
1023925  56584.000    23.00    4.8816e+01   3.8116e+00   0  i  0.00 3
1023925  56586.000    25.00    4.8569e+01   3.8887e+00   0  i  0.00 3
1023925  56588.000    27.00    4.8350e+01   3.9672e+00   0  i  0.00 3
1023925  56590.000    29.00    4.8199e+01   4.0504e+00   0  i  0.00 3
1023925  56592.000    31.00    4.8106e+01   4.1381e+00   0  i  0.00 3
1023925  56594.000    33.00    4.8031e+01   4.2269e+00   0  i  0.00 3
1023925  56596.000    35.00    4.7969e+01   4.3166e+00   0  i  0.00 3
1023925  56598.000    37.00    4.7934e+01   4.4086e+00   0  i  0.00 3
1023925  56600.000    39.00    4.7929e+01   4.5033e+00   0  i  0.00 3
1023925  56602.000    41.00    4.7929e+01   4.5984e+00   0  i  0.00 3
1023925  56604.000    43.00    4.7925e+01   4.6931e+00   0  i  0.00 3
1023925  56606.000    45.00    4.7929e+01   4.7886e+00   0  i  0.00 3
1023925  56608.000    47.00    4.7929e+01   4.8838e+00   0  i  0.00 3
1023925  56610.000    49.00    4.8066e+01   4.9931e+00   0  i  0.00 3
1023925  56612.000    51.00    4.8293e+01   5.1124e+00   0  i  0.00 3
1023925  56614.000    53.00    4.8583e+01   5.2396e+00   0  i  0.00 3
1023925  56616.000    55.00    4.8906e+01   5.3715e+00   0  i  0.00 3
1023925  56618.000    57.00    4.9236e+01   5.5054e+00   0  i  0.00 3
1023925  56620.000    59.00    4.9568e+01   5.6409e+00   0  i  0.00 3
1023925  56622.000    61.00    4.9962e+01   5.7849e+00   0  i  0.00 3
1023925  56624.000    63.00    5.0392e+01   5.9347e+00   0  i  0.00 3
1023925  56626.000    65.00    5.0867e+01   6.0917e+00   0  i  0.00 3
1023925  56628.000    67.00    5.1404e+01   6.2580e+00   0  i  0.00 3
1023925  56630.000    69.00    5.2024e+01   6.4366e+00   0  i  0.00 3
1023925  56632.000    71.00    5.2713e+01   6.6265e+00   0  i  0.00 3
1023925  56634.000    73.00    5.3545e+01   6.8374e+00   0  i  0.00 3
1023925  56636.000    75.00    5.4561e+01   7.0753e+00   0  i  0.00 3
1023925  56638.000    77.00    5.5801e+01   7.3469e+00   0  i  0.00 3
1023925  56640.000    79.00    5.7401e+01   7.6715e+00   0  i  0.00 3
1023925  56642.000    81.00    5.7687e+01   7.8242e+00   0  i  0.00 3
1023925  56644.000    83.00    5.7815e+01   7.9562e+00   0  i  0.00 3
1023925  56646.000    85.00    5.7943e+01   8.0888e+00   0  i  0.00 3
1023925  56648.000    87.00    5.8071e+01   8.2220e+00   0  i  0.00 3
1023925  56650.000    89.00    5.8205e+01   8.3564e+00   0  i  0.00 3
1023925  56652.000    91.00    5.8371e+01   8.4962e+00   0  i  0.00 3
1023925  56654.000    93.00    5.8517e+01   8.6334e+00   0  i  0.00 3
1023925  56656.000    95.00    5.8646e+01   8.7689e+00   0  i  0.00 3
1023925  56658.000    97.00    5.8776e+01   8.9050e+00   0  i  0.00 3
1023925  56660.000    99.00    5.8911e+01   9.0424e+00   0  i  0.00 3
1023925  56662.000   101.00    1.4296e-01   2.2226e-02   0  i  0.00 3
1023925  56664.000   103.00    3.3113e-02   5.2140e-03   0  i  0.00 3
1023925  56666.000   105.00    3.3113e-02   5.2797e-03   0  i  0.00 3
1023925  56668.000   107.00    3.3113e-02   5.3454e-03   0  i  0.00 3
1023925  56670.000   109.00    3.3113e-02   5.4111e-03   0  i  0.00 3
1023925  56672.000   111.00    3.3113e-02   5.4769e-03   0  i  0.00 3
1023925  56674.000   113.00    0.0000e+00   0.0000e+00   0  i  0.00 3
1023925  56676.000   115.00    0.0000e+00   0.0000e+00   0  i  0.00 3
1023925  56678.000   117.00    0.0000e+00   0.0000e+00   0  i  0.00 3
1023925  56680.000   119.00    0.0000e+00   0.0000e+00   0  i  0.00 3
1023925  56682.000   121.00    0.0000e+00   0.0000e+00   0  i  0.00 3
1023925  56684.000   123.00    0.0000e+00   0.0000e+00   0  i  0.00 3
1023925  56686.000   125.00    0.0000e+00   0.0000e+00   0  i  0.00 3
1023925  56688.000   127.00    0.0000e+00   0.0000e+00   0  i  0.00 3
1023925  56690.000   129.00    0.0000e+00   0.0000e+00   0  i  0.00 3
1023925  56692.000   131.00    0.0000e+00   0.0000e+00   0  i  0.00 3
1023925  56694.000   133.00    0.0000e+00   0.0000e+00   0  i  0.00 3
1023925  56696.000   135.00    0.0000e+00   0.0000e+00   0  i  0.00 3
1023925  56698.000   137.00    0.0000e+00   0.0000e+00   0  i  0.00 3
1023925  56700.000   139.00    0.0000e+00   0.0000e+00   0  i  0.00 3
1023925  56534.234   -26.77    1.6570e+01   1.1240e+01  -1  r  2.17 3
1023925  56536.242   -24.76    1.5490e+01   2.7940e+01  -1  r  0.31 3
1023925  56537.223   -23.78    1.0690e+01   1.2920e+01  -1  r  0.68 3
1023925  56543.285   -17.71    2.0970e+01   9.1380e+00  -1  r  1.32 3
1023925  56547.242   -13.76    3.0610e+01   9.2110e+00  -1  r  0.01 3
1023925  56551.234    -9.77    1.9140e+01   2.1540e+01  -1  r  0.33 3
1023925  56559.223    -1.78    3.6040e+01   1.6480e+01   1  r  0.07 3
1023925  56563.246     2.25    2.0890e+01   1.0380e+01   1  r  1.23 3
1023925  56567.188     6.19    3.3060e+01   9.1180e+00   1  r  0.00 3
1023925  56575.164    14.16    2.8490e+01   1.2310e+01   1  r  0.09 3
1023925  56590.312    29.31    3.6640e+01   1.6290e+01   1  r  0.19 3
1023925  56594.121    33.12    1.7530e+01   1.3460e+01   1  r  0.71 3
1023925  56602.094    41.09    3.2000e+01   1.2330e+01   1  r  0.07 3
1023925  56606.082    45.08    3.7910e+01   1.7960e+01   1  r  0.26 3
1023925  56609.086    48.09    2.9530e+01   1.3960e+01   1  r  0.00 3
1023925  56616.074    55.07    5.0090e+01   1.8400e+01   1  r  1.41 3
1023925  56625.215    64.21    2.5170e+01   1.0720e+01   1  r  0.02 3
1023925  56629.039    68.04    2.2080e+01   1.0820e+01   1  r  0.13 3
1023925  56636.043    75.04    1.9310e+01   1.1440e+01   1  r  0.17 3
1023925  56645.137    84.14    3.3380e+01   1.3250e+01   1  r  0.64 3
1023925  56649.133    88.13    2.1860e+01   1.0040e+01   1  r  0.00 3
1023925  56653.148    92.15    7.9480e+00   1.0630e+01   1  r  1.69 3
1023925  56660.062    99.06    2.5370e+01   1.0280e+01   1  r  0.31 3
1023925  56669.047   108.05    4.1020e+01   1.5570e+01  -1  r  6.93 3
1023925  56676.059   115.06    3.2920e+01   1.1190e+01  -1  r  8.65 3
1023925  56683.043   122.04    2.1900e+01   1.0990e+01  -1  r  3.97 3
1023925  56690.066   129.07    2.7130e+01   1.1270e+01  -1  r  5.79 3
1023925  56697.039   136.04    1.3560e+01   1.4800e+01  -1  r  0.84 3
1023925  56502.000   -59.00    0.0000e+00   0.0000e+00   0  r  0.00 3
1023925  56504.000   -57.00    0.0000e+00   0.0000e+00   0  r  0.00 3
1023925  56506.000   -55.00    0.0000e+00   0.0000e+00   0  r  0.00 3
1023925  56508.000   -53.00    0.0000e+00   0.0000e+00   0  r  0.00 3
1023925  56510.000   -51.00    0.0000e+00   0.0000e+00   0  r  0.00 3
1023925  56512.000   -49.00    0.0000e+00   0.0000e+00   0  r  0.00 3
1023925  56514.000   -47.00    0.0000e+00   0.0000e+00   0  r  0.00 3
1023925  56516.000   -45.00    0.0000e+00   0.0000e+00   0  r  0.00 3
1023925  56518.000   -43.00    0.0000e+00   0.0000e+00   0  r  0.00 3
1023925  56520.000   -41.00    0.0000e+00   0.0000e+00   0  r  0.00 3
1023925  56522.000   -39.00    0.0000e+00   0.0000e+00   0  r  0.00 3
1023925  56524.000   -37.00    0.0000e+00   0.0000e+00   0  r  0.00 3
1023925  56526.000   -35.00    0.0000e+00   0.0000e+00   0  r  0.00 3
1023925  56528.000   -33.00    0.0000e+00   0.0000e+00   0  r  0.00 3
1023925  56530.000   -31.00    0.0000e+00   0.0000e+00   0  r  0.00 3
1023925  56532.000   -29.00    0.0000e+00   0.0000e+00   0  r  0.00 3
1023925  56534.000   -27.00    0.0000e+00   0.0000e+00   0  r  0.00 3
1023925  56536.000   -25.00    0.0000e+00   0.0000e+00   0  r  0.00 3
1023925  56538.000   -23.00    0.0000e+00   0.0000e+00   0  r  0.00 3
1023925  56540.000   -21.00    1.9006e+00   1.4463e-01   0  r  0.00 3
1023925  56542.000   -19.00    2.6230e+01   1.9440e+00   0  r  0.00 3
1023925  56544.000   -17.00    3.3432e+01   2.4114e+00   0  r  0.00 3
1023925  56546.000   -15.00    3.1757e+01   2.2276e+00   0  r  0.00 3
1023925  56548.000   -13.00    3.1054e+01   2.1166e+00   0  r  0.00 3
1023925  56550.000   -11.00    3.1192e+01   2.0641e+00   0  r  0.00 3
1023925  56552.000    -9.00    3.1684e+01   2.0338e+00   0  r  0.00 3
1023925  56554.000    -7.00    3.2086e+01   1.9960e+00   0  r  0.00 3
1023925  56556.000    -5.00    3.2137e+01   1.9353e+00   0  r  0.00 3
1023925  56558.000    -3.00    3.1742e+01   1.8486e+00   0  r  0.00 3
1023925  56560.000    -1.00    3.1672e+01   1.7816e+00   0  r  0.00 3
1023925  56562.000     1.00    3.2086e+01   1.8049e+00   0  r  0.00 3
1023925  56564.000     3.00    3.2782e+01   1.9091e+00   0  r  0.00 3
1023925  56566.000     5.00    3.3193e+01   1.9989e+00   0  r  0.00 3
1023925  56568.000     7.00    3.3290e+01   2.0709e+00   0  r  0.00 3
1023925  56570.000     9.00    3.3196e+01   2.1308e+00   0  r  0.00 3
1023925  56572.000    11.00    3.2940e+01   2.1798e+00   0  r  0.00 3
1023925  56574.000    13.00    3.2569e+01   2.2199e+00   0  r  0.00 3
1023925  56576.000    15.00    3.2128e+01   2.2536e+00   0  r  0.00 3
1023925  56578.000    17.00    3.1605e+01   2.2796e+00   0  r  0.00 3
1023925  56580.000    19.00    3.1189e+01   2.3115e+00   0  r  0.00 3
1023925  56582.000    21.00    3.0798e+01   2.3436e+00   0  r  0.00 3
1023925  56584.000    23.00    3.0417e+01   2.3750e+00   0  r  0.00 3
1023925  56586.000    25.00    3.0064e+01   2.4071e+00   0  r  0.00 3
1023925  56588.000    27.00    2.9752e+01   2.4412e+00   0  r  0.00 3
1023925  56590.000    29.00    2.9501e+01   2.4791e+00   0  r  0.00 3
1023925  56592.000    31.00    2.9290e+01   2.5195e+00   0  r  0.00 3
1023925  56594.000    33.00    2.9102e+01   2.5611e+00   0  r  0.00 3
1023925  56596.000    35.00    2.8941e+01   2.6044e+00   0  r  0.00 3
1023925  56598.000    37.00    2.8835e+01   2.6520e+00   0  r  0.00 3
1023925  56600.000    39.00    2.8747e+01   2.7010e+00   0  r  0.00 3
1023925  56602.000    41.00    2.8692e+01   2.7528e+00   0  r  0.00 3
1023925  56604.000    43.00    2.8658e+01   2.8063e+00   0  r  0.00 3
1023925  56606.000    45.00    2.8637e+01   2.8611e+00   0  r  0.00 3
1023925  56608.000    47.00    2.8615e+01   2.9158e+00   0  r  0.00 3
1023925  56610.000    49.00    2.8531e+01   2.9638e+00   0  r  0.00 3
1023925  56612.000    51.00    2.8353e+01   3.0016e+00   0  r  0.00 3
1023925  56614.000    53.00    2.8153e+01   3.0362e+00   0  r  0.00 3
1023925  56616.000    55.00    2.7951e+01   3.0700e+00   0  r  0.00 3
1023925  56618.000    57.00    2.7726e+01   3.1002e+00   0  r  0.00 3
1023925  56620.000    59.00    2.7479e+01   3.1272e+00   0  r  0.00 3
1023925  56622.000    61.00    2.7217e+01   3.1514e+00   0  r  0.00 3
1023925  56624.000    63.00    2.6933e+01   3.1719e+00   0  r  0.00 3
1023925  56626.000    65.00    2.6622e+01   3.1881e+00   0  r  0.00 3
1023925  56628.000    67.00    2.6281e+01   3.1994e+00   0  r  0.00 3
1023925  56630.000    69.00    2.5894e+01   3.2037e+00   0  r  0.00 3
1023925  56632.000    71.00    2.5431e+01   3.1969e+00   0  r  0.00 3
1023925  56634.000    73.00    2.4893e+01   3.1787e+00   0  r  0.00 3
1023925  56636.000    75.00    2.4266e+01   3.1468e+00   0  r  0.00 3
1023925  56638.000    77.00    2.3520e+01   3.0967e+00   0  r  0.00 3
1023925  56640.000    79.00    2.2594e+01   3.0197e+00   0  r  0.00 3
1023925  56642.000    81.00    2.2486e+01   3.0499e+00   0  r  0.00 3
1023925  56644.000    83.00    2.2470e+01   3.0922e+00   0  r  0.00 3
1023925  56646.000    85.00    2.2459e+01   3.1354e+00   0  r  0.00 3
1023925  56648.000    87.00    2.2457e+01   3.1796e+00   0  r  0.00 3
1023925  56650.000    89.00    2.2439e+01   3.2215e+00   0  r  0.00 3
1023925  56652.000    91.00    2.2439e+01   3.2661e+00   0  r  0.00 3
1023925  56654.000    93.00    2.2426e+01   3.3088e+00   0  r  0.00 3
1023925  56656.000    95.00    2.2410e+01   3.3508e+00   0  r  0.00 3
1023925  56658.000    97.00    2.2398e+01   3.3934e+00   0  r  0.00 3
1023925  56660.000    99.00    2.2398e+01   3.4378e+00   0  r  0.00 3
1023925  56662.000   101.00    1.1834e-01   1.8399e-02   0  r  0.00 3
1023925  56664.000   103.00    3.3113e-02   5.2140e-03   0  r  0.00 3
1023925  56666.000   105.00    3.3113e-02   5.2797e-03   0  r  0.00 3
1023925  56668.000   107.00    3.3113e-02   5.3454e-03   0  r  0.00 3
1023925  56670.000   109.00    3.3113e-02   5.4111e-03   0  r  0.00 3
1023925  56672.000   111.00    3.3113e-02   5.4769e-03   0  r  0.00 3
1023925  56674.000   113.00    0.0000e+00   0.0000e+00   0  r  0.00 3
1023925  56676.000   115.00    0.0000e+00   0.0000e+00   0  r  0.00 3
1023925  56678.000   117.00    0.0000e+00   0.0000e+00   0  r  0.00 3
1023925  56680.000   119.00    0.0000e+00   0.0000e+00   0  r  0.00 3
1023925  56682.000   121.00    0.0000e+00   0.0000e+00   0  r  0.00 3
1023925  56684.000   123.00    0.0000e+00   0.0000e+00   0  r  0.00 3
1023925  56686.000   125.00    0.0000e+00   0.0000e+00   0  r  0.00 3
1023925  56688.000   127.00    0.0000e+00   0.0000e+00   0  r  0.00 3
1023925  56690.000   129.00    0.0000e+00   0.0000e+00   0  r  0.00 3
1023925  56692.000   131.00    0.0000e+00   0.0000e+00   0  r  0.00 3
1023925  56694.000   133.00    0.0000e+00   0.0000e+00   0  r  0.00 3
1023925  56696.000   135.00    0.0000e+00   0.0000e+00   0  r  0.00 3
1023925  56698.000   137.00    0.0000e+00   0.0000e+00   0  r  0.00 3
1023925  56700.000   139.00    0.0000e+00   0.0000e+00   0  r  0.00 3
1023925  56536.254   -24.75    9.9180e+01   6.7020e+01  -1  z  2.19 3
1023925  56537.227   -23.77    5.1600e+01   2.1720e+01  -1  z  5.64 3
1023925  56543.289   -17.71    5.3390e+01   1.5610e+01  -1  z  0.67 3
1023925  56547.246   -13.75    4.0300e+01   1.5760e+01  -1  z  0.09 3
1023925  56551.238    -9.76    1.2880e+02   3.2440e+01  -1  z  6.13 3
1023925  56559.227    -1.77    5.8350e+01   1.9470e+01   1  z  0.06 3
1023925  56563.250     2.25    7.5860e+01   1.5670e+01   1  z  1.60 3
1023925  56567.191     6.19    4.7790e+01   1.5610e+01   1  z  0.30 3
1023925  56575.172    14.17    5.0650e+01   1.7000e+01   1  z  0.08 3
1023925  56579.160    18.16    7.7090e+01   1.8050e+01   1  z  1.52 3
1023925  56590.316    29.32    4.9700e+01   2.2790e+01   1  z  0.01 3
1023925  56594.125    33.12    8.8590e+01   2.2380e+01   1  z  2.52 3
1023925  56602.098    41.10    6.0440e+01   1.6790e+01   1  z  0.19 3
1023925  56606.090    45.09    1.4770e+01   3.3210e+01   1  z  1.32 3
1023925  56609.090    48.09    3.2990e+01   1.8290e+01   1  z  1.22 3
1023925  56616.078    55.08    5.1270e+01   3.0400e+01   1  z  0.02 3
1023925  56625.219    64.22    3.8910e+01   1.6100e+01   1  z  1.20 3
1023925  56629.047    68.05    4.0430e+01   2.1250e+01   1  z  0.68 3
1023925  56636.051    75.05    7.1330e+01   1.6970e+01   1  z  0.40 3
1023925  56645.145    84.14    6.4030e+01   1.6890e+01   1  z  0.04 3
1023925  56649.141    88.14    5.4080e+01   1.6830e+01   1  z  0.16 3
1023925  56653.152    92.15    1.2420e+00   2.4150e+01   1  z  5.70 3
1023925  56660.066    99.07    3.4680e+01   1.6480e+01   1  z  1.16 3
1023925  56669.051   108.05    4.8430e+01   1.9070e+01  -1  z  6.44 3
1023925  56676.066   115.07    5.1750e+01   1.6280e+01  -1  z  10.10 3
1023925  56683.047   122.05    6.8970e+01   1.8120e+01  -1  z  14.49 3
1023925  56690.070   129.07    6.1610e+01   1.6820e+01  -1  z  13.42 3
1023925  56697.043   136.04    6.0600e+01   1.7760e+01  -1  z  11.64 3
1023925  56502.000   -59.00    0.0000e+00   0.0000e+00   0  z  0.00 3
1023925  56504.000   -57.00    0.0000e+00   0.0000e+00   0  z  0.00 3
1023925  56506.000   -55.00    0.0000e+00   0.0000e+00   0  z  0.00 3
1023925  56508.000   -53.00    0.0000e+00   0.0000e+00   0  z  0.00 3
1023925  56510.000   -51.00    0.0000e+00   0.0000e+00   0  z  0.00 3
1023925  56512.000   -49.00    0.0000e+00   0.0000e+00   0  z  0.00 3
1023925  56514.000   -47.00    0.0000e+00   0.0000e+00   0  z  0.00 3
1023925  56516.000   -45.00    0.0000e+00   0.0000e+00   0  z  0.00 3
1023925  56518.000   -43.00    0.0000e+00   0.0000e+00   0  z  0.00 3
1023925  56520.000   -41.00    0.0000e+00   0.0000e+00   0  z  0.00 3
1023925  56522.000   -39.00    0.0000e+00   0.0000e+00   0  z  0.00 3
1023925  56524.000   -37.00    0.0000e+00   0.0000e+00   0  z  0.00 3
1023925  56526.000   -35.00    0.0000e+00   0.0000e+00   0  z  0.00 3
1023925  56528.000   -33.00    0.0000e+00   0.0000e+00   0  z  0.00 3
1023925  56530.000   -31.00    0.0000e+00   0.0000e+00   0  z  0.00 3
1023925  56532.000   -29.00    0.0000e+00   0.0000e+00   0  z  0.00 3
1023925  56534.000   -27.00    0.0000e+00   0.0000e+00   0  z  0.00 3
1023925  56536.000   -25.00    0.0000e+00   0.0000e+00   0  z  0.00 3
1023925  56538.000   -23.00    0.0000e+00   0.0000e+00   0  z  0.00 3
1023925  56540.000   -21.00    2.1888e+00   1.6656e-01   0  z  0.00 3
1023925  56542.000   -19.00    3.1626e+01   2.3439e+00   0  z  0.00 3
1023925  56544.000   -17.00    4.3656e+01   3.1488e+00   0  z  0.00 3
1023925  56546.000   -15.00    4.4607e+01   3.1289e+00   0  z  0.00 3
1023925  56548.000   -13.00    4.5642e+01   3.1109e+00   0  z  0.00 3
1023925  56550.000   -11.00    4.7093e+01   3.1164e+00   0  z  0.00 3
1023925  56552.000    -9.00    4.8789e+01   3.1318e+00   0  z  0.00 3
1023925  56554.000    -7.00    5.0480e+01   3.1401e+00   0  z  0.00 3
1023925  56556.000    -5.00    5.1928e+01   3.1272e+00   0  z  0.00 3
1023925  56558.000    -3.00    5.3069e+01   3.0906e+00   0  z  0.00 3
1023925  56560.000    -1.00    5.4080e+01   3.0421e+00   0  z  0.00 3
1023925  56562.000     1.00    5.5035e+01   3.0958e+00   0  z  0.00 3
1023925  56564.000     3.00    5.5878e+01   3.2541e+00   0  z  0.00 3
1023925  56566.000     5.00    5.6411e+01   3.3971e+00   0  z  0.00 3
1023925  56568.000     7.00    5.6577e+01   3.5194e+00   0  z  0.00 3
1023925  56570.000     9.00    5.6515e+01   3.6277e+00   0  z  0.00 3
1023925  56572.000    11.00    5.6250e+01   3.7223e+00   0  z  0.00 3
1023925  56574.000    13.00    5.5806e+01   3.8037e+00   0  z  0.00 3
1023925  56576.000    15.00    5.5223e+01   3.8735e+00   0  z  0.00 3
1023925  56578.000    17.00    5.4571e+01   3.9361e+00   0  z  0.00 3
1023925  56580.000    19.00    5.4125e+01   4.0114e+00   0  z  0.00 3
1023925  56582.000    21.00    5.3723e+01   4.0882e+00   0  z  0.00 3
1023925  56584.000    23.00    5.3343e+01   4.1651e+00   0  z  0.00 3
1023925  56586.000    25.00    5.2996e+01   4.2431e+00   0  z  0.00 3
1023925  56588.000    27.00    5.2718e+01   4.3255e+00   0  z  0.00 3
1023925  56590.000    29.00    5.2515e+01   4.4131e+00   0  z  0.00 3
1023925  56592.000    31.00    5.2394e+01   4.5069e+00   0  z  0.00 3
1023925  56594.000    33.00    5.2350e+01   4.6070e+00   0  z  0.00 3
1023925  56596.000    35.00    5.2365e+01   4.7122e+00   0  z  0.00 3
1023925  56598.000    37.00    5.2442e+01   4.8232e+00   0  z  0.00 3
1023925  56600.000    39.00    5.2626e+01   4.9446e+00   0  z  0.00 3
1023925  56602.000    41.00    5.2854e+01   5.0709e+00   0  z  0.00 3
1023925  56604.000    43.00    5.3128e+01   5.2026e+00   0  z  0.00 3
1023925  56606.000    45.00    5.3452e+01   5.3404e+00   0  z  0.00 3
1023925  56608.000    47.00    5.3812e+01   5.4832e+00   0  z  0.00 3
1023925  56610.000    49.00    5.4290e+01   5.6396e+00   0  z  0.00 3
1023925  56612.000    51.00    5.4777e+01   5.7989e+00   0  z  0.00 3
1023925  56614.000    53.00    5.5294e+01   5.9634e+00   0  z  0.00 3
1023925  56616.000    55.00    5.5816e+01   6.1305e+00   0  z  0.00 3
1023925  56618.000    57.00    5.6322e+01   6.2978e+00   0  z  0.00 3
1023925  56620.000    59.00    5.6864e+01   6.4713e+00   0  z  0.00 3
1023925  56622.000    61.00    5.7385e+01   6.6444e+00   0  z  0.00 3
1023925  56624.000    63.00    5.7852e+01   6.8133e+00   0  z  0.00 3
1023925  56626.000    65.00    5.8285e+01   6.9800e+00   0  z  0.00 3
1023925  56628.000    67.00    5.8711e+01   7.1475e+00   0  z  0.00 3
1023925  56630.000    69.00    5.9064e+01   7.3076e+00   0  z  0.00 3
1023925  56632.000    71.00    5.9342e+01   7.4598e+00   0  z  0.00 3
1023925  56634.000    73.00    5.9528e+01   7.6013e+00   0  z  0.00 3
1023925  56636.000    75.00    5.9577e+01   7.7258e+00   0  z  0.00 3
1023925  56638.000    77.00    5.9435e+01   7.8253e+00   0  z  0.00 3
1023925  56640.000    79.00    5.8949e+01   7.8784e+00   0  z  0.00 3
1023925  56642.000    81.00    5.9451e+01   8.0634e+00   0  z  0.00 3
1023925  56644.000    83.00    6.0073e+01   8.2670e+00   0  z  0.00 3
1023925  56646.000    85.00    6.0685e+01   8.4716e+00   0  z  0.00 3
1023925  56648.000    87.00    6.1286e+01   8.6771e+00   0  z  0.00 3
1023925  56650.000    89.00    6.1927e+01   8.8908e+00   0  z  0.00 3
1023925  56652.000    91.00    6.2575e+01   9.1080e+00   0  z  0.00 3
1023925  56654.000    93.00    6.3230e+01   9.3288e+00   0  z  0.00 3
1023925  56656.000    95.00    6.3868e+01   9.5496e+00   0  z  0.00 3
1023925  56658.000    97.00    6.4500e+01   9.7722e+00   0  z  0.00 3
1023925  56660.000    99.00    6.5181e+01   1.0005e+01   0  z  0.00 3
1023925  56662.000   101.00    1.4580e-01   2.2669e-02   0  z  0.00 3
1023925  56664.000   103.00    3.3113e-02   5.2140e-03   0  z  0.00 3
1023925  56666.000   105.00    3.3113e-02   5.2797e-03   0  z  0.00 3
1023925  56668.000   107.00    3.3113e-02   5.3454e-03   0  z  0.00 3
1023925  56670.000   109.00    3.3113e-02   5.4111e-03   0  z  0.00 3
1023925  56672.000   111.00    3.3113e-02   5.4769e-03   0  z  0.00 3
1023925  56674.000   113.00    0.0000e+00   0.0000e+00   0  z  0.00 3
1023925  56676.000   115.00    0.0000e+00   0.0000e+00   0  z  0.00 3
1023925  56678.000   117.00    0.0000e+00   0.0000e+00   0  z  0.00 3
1023925  56680.000   119.00    0.0000e+00   0.0000e+00   0  z  0.00 3
1023925  56682.000   121.00    0.0000e+00   0.0000e+00   0  z  0.00 3
1023925  56684.000   123.00    0.0000e+00   0.0000e+00   0  z  0.00 3
1023925  56686.000   125.00    0.0000e+00   0.0000e+00   0  z  0.00 3
1023925  56688.000   127.00    0.0000e+00   0.0000e+00   0  z  0.00 3
1023925  56690.000   129.00    0.0000e+00   0.0000e+00   0  z  0.00 3
1023925  56692.000   131.00    0.0000e+00   0.0000e+00   0  z  0.00 3
1023925  56694.000   133.00    0.0000e+00   0.0000e+00   0  z  0.00 3
1023925  56696.000   135.00    0.0000e+00   0.0000e+00   0  z  0.00 3
1023925  56698.000   137.00    0.0000e+00   0.0000e+00   0  z  0.00 3
1023925  56700.000   139.00    0.0000e+00   0.0000e+00   0  z  0.00 3
