#NAME     : DES13S1exe 
#SNID     : 1023932    
#SPECZ    : -9.0000 +/- -9.0000
#PHOTOZ   : 0.8057 +/- 0.0580
#TMAX     : 56580.0    +/- -999.0    
#PEAKr    : 23.62   
#PEAKi    : 22.81   
#FITPROB  : 0.0         
#PBAYES   : 0.029       
# CID  MJD  Tobs  Flux FluxErr  DATAFLAG   BAND   CHI2  IFIT
#    DATAFLAG =  1  => data used in fit
#    DATAFLAG = -1  => data rejected from fit
#    DATAFLAG =  0  => best-fit model
1023932  56536.246   -43.75    2.3150e+01   2.5320e+01  -1  i  0.84 1
1023932  56537.227   -42.77    4.5640e+01   1.4650e+01  -1  i  9.71 1
1023932  56543.285   -36.71    5.0320e+01   1.0650e+01  -1  i  8.00 1
1023932  56547.242   -32.76    4.1190e+01   9.7580e+00   1  i  1.93 1
1023932  56551.234   -28.77    7.4890e+01   1.8970e+01   1  i  3.84 1
1023932  56559.223   -20.78    4.6480e+01   1.6240e+01   1  i  0.14 1
1023932  56563.246   -16.75    7.1900e+01   1.1460e+01   1  i  0.50 1
1023932  56567.188   -12.81    5.5040e+01   1.0610e+01   1  i  1.40 1
1023932  56575.168    -4.83    5.4700e+01   1.0650e+01   1  i  3.27 1
1023932  56579.156    -0.84    4.2130e+01   1.4810e+01   1  i  4.58 1
1023932  56590.316    10.32    5.4330e+01   2.1020e+01   1  i  0.24 1
1023932  56594.121    14.12    6.9210e+01   1.6150e+01   1  i  0.31 1
1023932  56602.094    22.09    5.5630e+01   1.1760e+01   1  i  0.31 1
1023932  56606.086    26.09    5.8210e+01   2.2190e+01   1  i  0.47 1
1023932  56609.086    29.09    6.1210e+01   1.3360e+01   1  i  2.71 1
1023932  56616.078    36.08    8.2590e+01   2.1260e+01   1  i  6.09 1
1023932  56625.215    45.21    4.0450e+01   1.1470e+01   1  i  3.21 1
1023932  56521.000   -59.00    0.0000e+00   0.0000e+00   0  i  0.00 1
1023932  56523.000   -57.00    0.0000e+00   0.0000e+00   0  i  0.00 1
1023932  56525.000   -55.00    0.0000e+00   0.0000e+00   0  i  0.00 1
1023932  56527.000   -53.00    0.0000e+00   0.0000e+00   0  i  0.00 1
1023932  56529.000   -51.00    0.0000e+00   0.0000e+00   0  i  0.00 1
1023932  56531.000   -49.00    0.0000e+00   0.0000e+00   0  i  0.00 1
1023932  56533.000   -47.00    0.0000e+00   0.0000e+00   0  i  0.00 1
1023932  56535.000   -45.00    0.0000e+00   0.0000e+00   0  i  0.00 1
1023932  56537.000   -43.00    0.0000e+00   0.0000e+00   0  i  0.00 1
1023932  56539.000   -41.00    0.0000e+00   0.0000e+00   0  i  0.00 1
1023932  56541.000   -39.00    0.0000e+00   0.0000e+00   0  i  0.00 1
1023932  56543.000   -37.00    1.6867e+01   4.6604e+00   0  i  0.00 1
1023932  56545.000   -35.00    2.0206e+01   5.5829e+00   0  i  0.00 1
1023932  56547.000   -33.00    2.4181e+01   6.6813e+00   0  i  0.00 1
1023932  56549.000   -31.00    2.8236e+01   7.8015e+00   0  i  0.00 1
1023932  56551.000   -29.00    3.2970e+01   9.1096e+00   0  i  0.00 1
1023932  56553.000   -27.00    3.7771e+01   1.0436e+01   0  i  0.00 1
1023932  56555.000   -25.00    4.3251e+01   1.1950e+01   0  i  0.00 1
1023932  56557.000   -23.00    4.8399e+01   1.3373e+01   0  i  0.00 1
1023932  56559.000   -21.00    5.4036e+01   1.4930e+01   0  i  0.00 1
1023932  56561.000   -19.00    5.8361e+01   4.2130e+00   0  i  0.00 1
1023932  56563.000   -17.00    6.2633e+01   4.4097e+00   0  i  0.00 1
1023932  56565.000   -15.00    6.5705e+01   4.5090e+00   0  i  0.00 1
1023932  56567.000   -13.00    6.8460e+01   4.5761e+00   0  i  0.00 1
1023932  56569.000   -11.00    7.0919e+01   4.6140e+00   0  i  0.00 1
1023932  56571.000    -9.00    7.3282e+01   4.6372e+00   0  i  0.00 1
1023932  56573.000    -7.00    7.4700e+01   4.5938e+00   0  i  0.00 1
1023932  56575.000    -5.00    7.5544e+01   4.5111e+00   0  i  0.00 1
1023932  56577.000    -3.00    7.5628e+01   4.3813e+00   0  i  0.00 1
1023932  56579.000    -1.00    7.5128e+01   4.2185e+00   0  i  0.00 1
1023932  56581.000     1.00    7.3974e+01   4.1537e+00   0  i  0.00 1
1023932  56583.000     3.00    7.2184e+01   4.1818e+00   0  i  0.00 1
1023932  56585.000     5.00    7.0340e+01   4.2003e+00   0  i  0.00 1
1023932  56587.000     7.00    6.8410e+01   4.2070e+00   0  i  0.00 1
1023932  56589.000     9.00    6.6313e+01   4.1962e+00   0  i  0.00 1
1023932  56591.000    11.00    6.3909e+01   4.1579e+00   0  i  0.00 1
1023932  56593.000    13.00    6.1433e+01   4.1063e+00   0  i  0.00 1
1023932  56595.000    15.00    5.8679e+01   4.0268e+00   0  i  0.00 1
1023932  56597.000    17.00    5.5981e+01   3.9414e+00   0  i  0.00 1
1023932  56599.000    19.00    5.3191e+01   3.8398e+00   0  i  0.00 1
1023932  56601.000    21.00    5.0448e+01   3.7316e+00   0  i  0.00 1
1023932  56603.000    23.00    4.7420e+01   3.5922e+00   0  i  0.00 1
1023932  56605.000    25.00    4.4537e+01   3.4531e+00   0  i  0.00 1
1023932  56607.000    27.00    4.1537e+01   3.2946e+00   0  i  0.00 1
1023932  56609.000    29.00    3.8744e+01   3.1420e+00   0  i  0.00 1
1023932  56611.000    31.00    3.6164e+01   2.9973e+00   0  i  0.00 1
1023932  56613.000    33.00    3.3754e+01   2.8577e+00   0  i  0.00 1
1023932  56615.000    35.00    3.1086e+01   2.6872e+00   0  i  0.00 1
1023932  56617.000    37.00    2.8615e+01   2.5246e+00   0  i  0.00 1
1023932  56619.000    39.00    2.6088e+01   2.3481e+00   0  i  0.00 1
1023932  56621.000    41.00    2.3755e+01   2.1805e+00   0  i  0.00 1
1023932  56623.000    43.00    2.1691e+01   2.0456e+00   0  i  0.00 1
1023932  56625.000    45.00    1.9817e+01   1.9219e+00   0  i  0.00 1
1023932  56627.000    47.00    1.8097e+01   1.8034e+00   0  i  0.00 1
1023932  56629.000    49.00    1.6526e+01   1.6910e+00   0  i  0.00 1
1023932  56631.000    51.00    1.5095e+01   1.5850e+00   0  i  0.00 1
1023932  56633.000    53.00    1.3790e+01   1.4848e+00   0  i  0.00 1
1023932  56635.000    55.00    1.2605e+01   1.3910e+00   0  i  0.00 1
1023932  56637.000    57.00    1.1526e+01   1.3027e+00   0  i  0.00 1
1023932  56639.000    59.00    1.0581e+01   1.2241e+00   0  i  0.00 1
1023932  56641.000    61.00    9.7418e+00   1.1531e+00   0  i  0.00 1
1023932  56643.000    63.00    9.0074e+00   1.0902e+00   0  i  0.00 1
1023932  56645.000    65.00    8.3645e+00   1.0348e+00   0  i  0.00 1
1023932  56647.000    67.00    7.7560e+00   9.8023e-01   0  i  0.00 1
1023932  56649.000    69.00    7.1773e+00   9.2627e-01   0  i  0.00 1
1023932  56651.000    71.00    6.6552e+00   8.7668e-01   0  i  0.00 1
1023932  56653.000    73.00    6.1944e+00   8.3254e-01   0  i  0.00 1
1023932  56655.000    75.00    5.7772e+00   7.9191e-01   0  i  0.00 1
1023932  56657.000    77.00    5.4155e+00   7.5681e-01   0  i  0.00 1
1023932  56659.000    79.00    5.0942e+00   7.2553e-01   0  i  0.00 1
1023932  56661.000    81.00    4.8515e+00   7.0393e-01   0  i  0.00 1
1023932  56663.000    83.00    4.6251e+00   6.8343e-01   0  i  0.00 1
1023932  56665.000    85.00    4.4316e+00   6.6669e-01   0  i  0.00 1
1023932  56667.000    87.00    4.2482e+00   6.5044e-01   0  i  0.00 1
1023932  56669.000    89.00    4.0907e+00   6.3727e-01   0  i  0.00 1
1023932  56671.000    91.00    3.9391e+00   6.2419e-01   0  i  0.00 1
1023932  56673.000    93.00    3.8145e+00   6.1464e-01   0  i  0.00 1
1023932  56675.000    95.00    3.6939e+00   6.0507e-01   0  i  0.00 1
1023932  56677.000    97.00    3.5849e+00   5.9681e-01   0  i  0.00 1
1023932  56679.000    99.00    3.4795e+00   5.8856e-01   0  i  0.00 1
1023932  56681.000   101.00    3.3984e+00   5.8393e-01   0  i  0.00 1
1023932  56683.000   103.00    3.3217e+00   5.7962e-01   0  i  0.00 1
1023932  56685.000   105.00    3.2749e+00   5.8021e-01   0  i  0.00 1
1023932  56687.000   107.00    3.2353e+00   5.8185e-01   0  i  0.00 1
1023932  56689.000   109.00    3.2066e+00   5.8524e-01   0  i  0.00 1
1023932  56691.000   111.00    3.1819e+00   5.8924e-01   0  i  0.00 1
1023932  56693.000   113.00    3.1533e+00   5.9237e-01   0  i  0.00 1
1023932  56695.000   115.00    3.1235e+00   5.9513e-01   0  i  0.00 1
1023932  56697.000   117.00    3.0821e+00   5.9547e-01   0  i  0.00 1
1023932  56699.000   119.00    3.0342e+00   5.9433e-01   0  i  0.00 1
1023932  56701.000   121.00    2.9868e+00   5.9303e-01   0  i  0.00 1
1023932  56703.000   123.00    2.9398e+00   5.9156e-01   0  i  0.00 1
1023932  56705.000   125.00    2.8952e+00   5.9033e-01   0  i  0.00 1
1023932  56707.000   127.00    2.8529e+00   5.8932e-01   0  i  0.00 1
1023932  56709.000   129.00    2.8116e+00   5.8832e-01   0  i  0.00 1
1023932  56711.000   131.00    2.7718e+00   5.8739e-01   0  i  0.00 1
1023932  56713.000   133.00    2.7355e+00   5.8701e-01   0  i  0.00 1
1023932  56715.000   135.00    2.7052e+00   5.8774e-01   0  i  0.00 1
1023932  56717.000   137.00    2.6747e+00   5.8827e-01   0  i  0.00 1
1023932  56719.000   139.00    2.6434e+00   5.8844e-01   0  i  0.00 1
1023932  56534.234   -45.77    3.3720e+01   9.7070e+00  -1  r  12.07 1
1023932  56536.242   -43.76    2.9530e+01   2.2890e+01  -1  r  1.66 1
1023932  56537.223   -42.78    4.8220e+01   1.1450e+01  -1  r  17.74 1
1023932  56543.285   -36.71    3.4690e+01   7.4560e+00  -1  r  7.54 1
1023932  56547.242   -32.76    4.2100e+01   7.7050e+00   1  r  7.48 1
1023932  56551.234   -28.77    2.5090e+01   2.0630e+01   1  r  0.01 1
1023932  56559.223   -20.78    1.5740e+01   1.5340e+01   1  r  1.00 1
1023932  56563.246   -16.75    4.0340e+01   8.0270e+00   1  r  0.00 1
1023932  56567.188   -12.81    4.4340e+01   7.8630e+00   1  r  0.04 1
1023932  56575.164    -4.84    3.3900e+01   8.9650e+00   1  r  0.62 1
1023932  56579.156    -0.84    3.7970e+01   1.3000e+01   1  r  0.01 1
1023932  56590.312    10.31    1.7700e+01   1.5110e+01   1  r  0.26 1
1023932  56594.121    14.12    3.8740e+01   1.2130e+01   1  r  2.00 1
1023932  56602.094    22.09    2.8270e+01   8.9450e+00   1  r  2.02 1
1023932  56606.082    26.08    5.3750e+01   1.6940e+01   1  r  5.63 1
1023932  56609.086    29.09    2.0880e+01   1.1900e+01   1  r  0.54 1
1023932  56616.074    36.07    2.7960e+01   1.7470e+01   1  r  1.28 1
1023932  56625.215    45.21    3.9160e+01   8.1230e+00  -1  r  17.80 1
1023932  56521.000   -59.00    0.0000e+00   0.0000e+00   0  r  0.00 1
1023932  56523.000   -57.00    0.0000e+00   0.0000e+00   0  r  0.00 1
1023932  56525.000   -55.00    0.0000e+00   0.0000e+00   0  r  0.00 1
1023932  56527.000   -53.00    0.0000e+00   0.0000e+00   0  r  0.00 1
1023932  56529.000   -51.00    0.0000e+00   0.0000e+00   0  r  0.00 1
1023932  56531.000   -49.00    0.0000e+00   0.0000e+00   0  r  0.00 1
1023932  56533.000   -47.00    0.0000e+00   0.0000e+00   0  r  0.00 1
1023932  56535.000   -45.00    0.0000e+00   0.0000e+00   0  r  0.00 1
1023932  56537.000   -43.00    0.0000e+00   0.0000e+00   0  r  0.00 1
1023932  56539.000   -41.00    0.0000e+00   0.0000e+00   0  r  0.00 1
1023932  56541.000   -39.00    0.0000e+00   0.0000e+00   0  r  0.00 1
1023932  56543.000   -37.00    1.1909e+01   3.2905e+00   0  r  0.00 1
1023932  56545.000   -35.00    1.4251e+01   3.9375e+00   0  r  0.00 1
1023932  56547.000   -33.00    1.7023e+01   4.7035e+00   0  r  0.00 1
1023932  56549.000   -31.00    1.9457e+01   5.3760e+00   0  r  0.00 1
1023932  56551.000   -29.00    2.2241e+01   6.1453e+00   0  r  0.00 1
1023932  56553.000   -27.00    2.4978e+01   6.9015e+00   0  r  0.00 1
1023932  56555.000   -25.00    2.8039e+01   7.7471e+00   0  r  0.00 1
1023932  56557.000   -23.00    3.0631e+01   8.4633e+00   0  r  0.00 1
1023932  56559.000   -21.00    3.3367e+01   9.2194e+00   0  r  0.00 1
1023932  56561.000   -19.00    3.6553e+01   2.6387e+00   0  r  0.00 1
1023932  56563.000   -17.00    4.0087e+01   2.8224e+00   0  r  0.00 1
1023932  56565.000   -15.00    4.2973e+01   2.9490e+00   0  r  0.00 1
1023932  56567.000   -13.00    4.5751e+01   3.0581e+00   0  r  0.00 1
1023932  56569.000   -11.00    4.6213e+01   3.0066e+00   0  r  0.00 1
1023932  56571.000    -9.00    4.5646e+01   2.8884e+00   0  r  0.00 1
1023932  56573.000    -7.00    4.3837e+01   2.6958e+00   0  r  0.00 1
1023932  56575.000    -5.00    4.1427e+01   2.4738e+00   0  r  0.00 1
1023932  56577.000    -3.00    3.9095e+01   2.2649e+00   0  r  0.00 1
1023932  56579.000    -1.00    3.6860e+01   2.0697e+00   0  r  0.00 1
1023932  56581.000     1.00    3.5175e+01   1.9751e+00   0  r  0.00 1
1023932  56583.000     3.00    3.3972e+01   1.9681e+00   0  r  0.00 1
1023932  56585.000     5.00    3.2140e+01   1.9192e+00   0  r  0.00 1
1023932  56587.000     7.00    2.9586e+01   1.8194e+00   0  r  0.00 1
1023932  56589.000     9.00    2.7129e+01   1.7167e+00   0  r  0.00 1
1023932  56591.000    11.00    2.4706e+01   1.6074e+00   0  r  0.00 1
1023932  56593.000    13.00    2.2544e+01   1.5069e+00   0  r  0.00 1
1023932  56595.000    15.00    2.0665e+01   1.4181e+00   0  r  0.00 1
1023932  56597.000    17.00    1.8955e+01   1.3345e+00   0  r  0.00 1
1023932  56599.000    19.00    1.7421e+01   1.2576e+00   0  r  0.00 1
1023932  56601.000    21.00    1.6052e+01   1.1873e+00   0  r  0.00 1
1023932  56603.000    23.00    1.4982e+01   1.1349e+00   0  r  0.00 1
1023932  56605.000    25.00    1.3982e+01   1.0841e+00   0  r  0.00 1
1023932  56607.000    27.00    1.3035e+01   1.0339e+00   0  r  0.00 1
1023932  56609.000    29.00    1.2139e+01   9.8449e-01   0  r  0.00 1
1023932  56611.000    31.00    1.0864e+01   9.0043e-01   0  r  0.00 1
1023932  56613.000    33.00    9.7239e+00   8.2325e-01   0  r  0.00 1
1023932  56615.000    35.00    8.6872e+00   7.5096e-01   0  r  0.00 1
1023932  56617.000    37.00    7.7610e+00   6.8473e-01   0  r  0.00 1
1023932  56619.000    39.00    6.8903e+00   6.2018e-01   0  r  0.00 1
1023932  56621.000    41.00    6.1128e+00   5.6109e-01   0  r  0.00 1
1023932  56623.000    43.00    5.4616e+00   5.1507e-01   0  r  0.00 1
1023932  56625.000    45.00    4.8874e+00   4.7399e-01   0  r  0.00 1
1023932  56627.000    47.00    4.3648e+00   4.3496e-01   0  r  0.00 1
1023932  56629.000    49.00    3.8955e+00   3.9861e-01   0  r  0.00 1
1023932  56631.000    51.00    3.4827e+00   3.6569e-01   0  r  0.00 1
1023932  56633.000    53.00    3.1163e+00   3.3554e-01   0  r  0.00 1
1023932  56635.000    55.00    2.7923e+00   3.0812e-01   0  r  0.00 1
1023932  56637.000    57.00    2.5038e+00   2.8298e-01   0  r  0.00 1
1023932  56639.000    59.00    2.2768e+00   2.6340e-01   0  r  0.00 1
1023932  56641.000    61.00    2.0937e+00   2.4782e-01   0  r  0.00 1
1023932  56643.000    63.00    1.9400e+00   2.3481e-01   0  r  0.00 1
1023932  56645.000    65.00    1.8118e+00   2.2414e-01   0  r  0.00 1
1023932  56647.000    67.00    1.6917e+00   2.1380e-01   0  r  0.00 1
1023932  56649.000    69.00    1.5789e+00   2.0377e-01   0  r  0.00 1
1023932  56651.000    71.00    1.4795e+00   1.9490e-01   0  r  0.00 1
1023932  56653.000    73.00    1.3965e+00   1.8769e-01   0  r  0.00 1
1023932  56655.000    75.00    1.3252e+00   1.8165e-01   0  r  0.00 1
1023932  56657.000    77.00    1.2744e+00   1.7810e-01   0  r  0.00 1
1023932  56659.000    79.00    1.2356e+00   1.7598e-01   0  r  0.00 1
1023932  56661.000    81.00    1.2333e+00   1.7895e-01   0  r  0.00 1
1023932  56663.000    83.00    1.2327e+00   1.8214e-01   0  r  0.00 1
1023932  56665.000    85.00    1.2415e+00   1.8678e-01   0  r  0.00 1
1023932  56667.000    87.00    1.2504e+00   1.9145e-01   0  r  0.00 1
1023932  56669.000    89.00    1.2575e+00   1.9591e-01   0  r  0.00 1
1023932  56671.000    91.00    1.2640e+00   2.0030e-01   0  r  0.00 1
1023932  56673.000    93.00    1.2324e+00   1.9858e-01   0  r  0.00 1
1023932  56675.000    95.00    1.2015e+00   1.9681e-01   0  r  0.00 1
1023932  56677.000    97.00    1.1784e+00   1.9617e-01   0  r  0.00 1
1023932  56679.000    99.00    1.1560e+00   1.9554e-01   0  r  0.00 1
1023932  56681.000   101.00    1.1366e+00   1.9529e-01   0  r  0.00 1
1023932  56683.000   103.00    1.1178e+00   1.9505e-01   0  r  0.00 1
1023932  56685.000   105.00    1.0863e+00   1.9246e-01   0  r  0.00 1
1023932  56687.000   107.00    1.0529e+00   1.8936e-01   0  r  0.00 1
1023932  56689.000   109.00    1.0178e+00   1.8577e-01   0  r  0.00 1
1023932  56691.000   111.00    9.8320e-01   1.8208e-01   0  r  0.00 1
1023932  56693.000   113.00    9.4606e-01   1.7773e-01   0  r  0.00 1
1023932  56695.000   115.00    9.0874e-01   1.7315e-01   0  r  0.00 1
1023932  56697.000   117.00    8.7878e-01   1.6979e-01   0  r  0.00 1
1023932  56699.000   119.00    8.5334e-01   1.6715e-01   0  r  0.00 1
1023932  56701.000   121.00    8.2863e-01   1.6453e-01   0  r  0.00 1
1023932  56703.000   123.00    8.0464e-01   1.6191e-01   0  r  0.00 1
1023932  56705.000   125.00    7.8012e-01   1.5906e-01   0  r  0.00 1
1023932  56707.000   127.00    7.5516e-01   1.5599e-01   0  r  0.00 1
1023932  56709.000   129.00    7.3343e-01   1.5347e-01   0  r  0.00 1
1023932  56711.000   131.00    7.1588e-01   1.5171e-01   0  r  0.00 1
1023932  56713.000   133.00    7.0502e-01   1.5129e-01   0  r  0.00 1
1023932  56715.000   135.00    7.0638e-01   1.5347e-01   0  r  0.00 1
1023932  56717.000   137.00    7.0775e-01   1.5566e-01   0  r  0.00 1
1023932  56719.000   139.00    7.0906e-01   1.5784e-01   0  r  0.00 1
1023932  56536.254   -43.75    6.4070e+01   6.6510e+01  -1  z  0.93 1
1023932  56537.227   -42.77    3.3620e+01   2.2010e+01  -1  z  2.33 1
1023932  56543.289   -36.71    4.2280e+01   1.5960e+01  -1  z  3.35 1
1023932  56547.246   -32.75    3.7090e+01   1.5790e+01   1  z  1.34 1
1023932  56551.238   -28.76   -1.4720e+00   3.6730e+01   1  z  0.49 1
1023932  56559.227   -20.77    4.9120e+01   1.9940e+01   1  z  0.11 1
1023932  56563.250   -16.75    6.1090e+01   1.8200e+01   1  z  0.30 1
1023932  56567.191   -12.81    4.5480e+01   1.7770e+01   1  z  0.54 1
1023932  56575.172    -4.83    4.5110e+01   1.7830e+01   1  z  1.36 1
1023932  56579.160    -0.84    6.4890e+01   1.8750e+01   1  z  0.03 1
1023932  56590.316    10.32    5.1820e+01   2.2790e+01   1  z  0.31 1
1023932  56594.125    14.12    4.4550e+01   2.2570e+01   1  z  0.54 1
1023932  56602.098    22.10    4.7790e+01   1.7230e+01   1  z  0.07 1
1023932  56606.090    26.09    6.8980e+01   3.3470e+01   1  z  0.42 1
1023932  56609.090    29.09    7.2750e+01   1.9570e+01   1  z  2.18 1
1023932  56616.078    36.08    8.2380e+00   3.0690e+01   1  z  0.72 1
1023932  56625.219    45.22    4.3220e+01   1.7100e+01   1  z  1.04 1
1023932  56521.000   -59.00    0.0000e+00   0.0000e+00   0  z  0.00 1
1023932  56523.000   -57.00    0.0000e+00   0.0000e+00   0  z  0.00 1
1023932  56525.000   -55.00    0.0000e+00   0.0000e+00   0  z  0.00 1
1023932  56527.000   -53.00    0.0000e+00   0.0000e+00   0  z  0.00 1
1023932  56529.000   -51.00    0.0000e+00   0.0000e+00   0  z  0.00 1
1023932  56531.000   -49.00    0.0000e+00   0.0000e+00   0  z  0.00 1
1023932  56533.000   -47.00    0.0000e+00   0.0000e+00   0  z  0.00 1
1023932  56535.000   -45.00    0.0000e+00   0.0000e+00   0  z  0.00 1
1023932  56537.000   -43.00    0.0000e+00   0.0000e+00   0  z  0.00 1
1023932  56539.000   -41.00    0.0000e+00   0.0000e+00   0  z  0.00 1
1023932  56541.000   -39.00    0.0000e+00   0.0000e+00   0  z  0.00 1
1023932  56543.000   -37.00    1.2071e+01   3.3353e+00   0  z  0.00 1
1023932  56545.000   -35.00    1.4577e+01   4.0277e+00   0  z  0.00 1
1023932  56547.000   -33.00    1.7584e+01   4.8585e+00   0  z  0.00 1
1023932  56549.000   -31.00    2.0614e+01   5.6956e+00   0  z  0.00 1
1023932  56551.000   -29.00    2.4166e+01   6.6770e+00   0  z  0.00 1
1023932  56553.000   -27.00    2.7925e+01   7.7158e+00   0  z  0.00 1
1023932  56555.000   -25.00    3.2255e+01   8.9121e+00   0  z  0.00 1
1023932  56557.000   -23.00    3.6415e+01   1.0061e+01   0  z  0.00 1
1023932  56559.000   -21.00    4.1013e+01   1.1332e+01   0  z  0.00 1
1023932  56561.000   -19.00    4.5486e+01   3.2836e+00   0  z  0.00 1
1023932  56563.000   -17.00    5.0294e+01   3.5411e+00   0  z  0.00 1
1023932  56565.000   -15.00    5.4395e+01   3.7328e+00   0  z  0.00 1
1023932  56567.000   -13.00    5.8441e+01   3.9064e+00   0  z  0.00 1
1023932  56569.000   -11.00    6.1184e+01   3.9807e+00   0  z  0.00 1
1023932  56571.000    -9.00    6.3358e+01   4.0092e+00   0  z  0.00 1
1023932  56573.000    -7.00    6.5001e+01   3.9974e+00   0  z  0.00 1
1023932  56575.000    -5.00    6.6332e+01   3.9610e+00   0  z  0.00 1
1023932  56577.000    -3.00    6.7291e+01   3.8984e+00   0  z  0.00 1
1023932  56579.000    -1.00    6.7958e+01   3.8159e+00   0  z  0.00 1
1023932  56581.000     1.00    6.8290e+01   3.8346e+00   0  z  0.00 1
1023932  56583.000     3.00    6.8290e+01   3.9563e+00   0  z  0.00 1
1023932  56585.000     5.00    6.7864e+01   4.0525e+00   0  z  0.00 1
1023932  56587.000     7.00    6.6890e+01   4.1135e+00   0  z  0.00 1
1023932  56589.000     9.00    6.5705e+01   4.1577e+00   0  z  0.00 1
1023932  56591.000    11.00    6.4145e+01   4.1733e+00   0  z  0.00 1
1023932  56593.000    13.00    6.2488e+01   4.1769e+00   0  z  0.00 1
1023932  56595.000    15.00    6.0556e+01   4.1557e+00   0  z  0.00 1
1023932  56597.000    17.00    5.8533e+01   4.1211e+00   0  z  0.00 1
1023932  56599.000    19.00    5.6100e+01   4.0497e+00   0  z  0.00 1
1023932  56601.000    21.00    5.3713e+01   3.9732e+00   0  z  0.00 1
1023932  56603.000    23.00    5.1182e+01   3.8772e+00   0  z  0.00 1
1023932  56605.000    25.00    4.8735e+01   3.7786e+00   0  z  0.00 1
1023932  56607.000    27.00    4.6068e+01   3.6539e+00   0  z  0.00 1
1023932  56609.000    29.00    4.3531e+01   3.5303e+00   0  z  0.00 1
1023932  56611.000    31.00    4.0592e+01   3.3643e+00   0  z  0.00 1
1023932  56613.000    33.00    3.7855e+01   3.2049e+00   0  z  0.00 1
1023932  56615.000    35.00    3.5511e+01   3.0697e+00   0  z  0.00 1
1023932  56617.000    37.00    3.3324e+01   2.9401e+00   0  z  0.00 1
1023932  56619.000    39.00    3.1342e+01   2.8210e+00   0  z  0.00 1
1023932  56621.000    41.00    2.9485e+01   2.7064e+00   0  z  0.00 1
1023932  56623.000    43.00    2.7585e+01   2.6015e+00   0  z  0.00 1
1023932  56625.000    45.00    2.5777e+01   2.4999e+00   0  z  0.00 1
1023932  56627.000    47.00    2.4006e+01   2.3923e+00   0  z  0.00 1
1023932  56629.000    49.00    2.2334e+01   2.2853e+00   0  z  0.00 1
1023932  56631.000    51.00    2.0799e+01   2.1839e+00   0  z  0.00 1
1023932  56633.000    53.00    1.9378e+01   2.0865e+00   0  z  0.00 1
1023932  56635.000    55.00    1.8035e+01   1.9901e+00   0  z  0.00 1
1023932  56637.000    57.00    1.6773e+01   1.8956e+00   0  z  0.00 1
1023932  56639.000    59.00    1.5593e+01   1.8039e+00   0  z  0.00 1
1023932  56641.000    61.00    1.4492e+01   1.7153e+00   0  z  0.00 1
1023932  56643.000    63.00    1.3478e+01   1.6314e+00   0  z  0.00 1
1023932  56645.000    65.00    1.2545e+01   1.5520e+00   0  z  0.00 1
1023932  56647.000    67.00    1.1724e+01   1.4817e+00   0  z  0.00 1
1023932  56649.000    69.00    1.1018e+01   1.4220e+00   0  z  0.00 1
1023932  56651.000    71.00    1.0389e+01   1.3685e+00   0  z  0.00 1
1023932  56653.000    73.00    9.8528e+00   1.3242e+00   0  z  0.00 1
1023932  56655.000    75.00    9.3584e+00   1.2828e+00   0  z  0.00 1
1023932  56657.000    77.00    8.9215e+00   1.2468e+00   0  z  0.00 1
1023932  56659.000    79.00    8.5090e+00   1.2119e+00   0  z  0.00 1
1023932  56661.000    81.00    8.1313e+00   1.1798e+00   0  z  0.00 1
1023932  56663.000    83.00    7.7761e+00   1.1490e+00   0  z  0.00 1
1023932  56665.000    85.00    7.4666e+00   1.1233e+00   0  z  0.00 1
1023932  56667.000    87.00    7.1727e+00   1.0982e+00   0  z  0.00 1
1023932  56669.000    89.00    6.9189e+00   1.0779e+00   0  z  0.00 1
1023932  56671.000    91.00    6.6742e+00   1.0576e+00   0  z  0.00 1
1023932  56673.000    93.00    6.4643e+00   1.0416e+00   0  z  0.00 1
1023932  56675.000    95.00    6.2615e+00   1.0257e+00   0  z  0.00 1
1023932  56677.000    97.00    6.0590e+00   1.0087e+00   0  z  0.00 1
1023932  56679.000    99.00    5.8625e+00   9.9163e-01   0  z  0.00 1
1023932  56681.000   101.00    5.6734e+00   9.7481e-01   0  z  0.00 1
1023932  56683.000   103.00    5.4903e+00   9.5804e-01   0  z  0.00 1
1023932  56685.000   105.00    5.2986e+00   9.3874e-01   0  z  0.00 1
1023932  56687.000   107.00    5.1107e+00   9.1911e-01   0  z  0.00 1
1023932  56689.000   109.00    4.9331e+00   9.0036e-01   0  z  0.00 1
1023932  56691.000   111.00    4.7634e+00   8.8213e-01   0  z  0.00 1
1023932  56693.000   113.00    4.6077e+00   8.6560e-01   0  z  0.00 1
1023932  56695.000   115.00    4.4611e+00   8.4998e-01   0  z  0.00 1
1023932  56697.000   117.00    4.3399e+00   8.3850e-01   0  z  0.00 1
1023932  56699.000   119.00    4.2349e+00   8.2952e-01   0  z  0.00 1
1023932  56701.000   121.00    4.1461e+00   8.2322e-01   0  z  0.00 1
1023932  56703.000   123.00    4.0701e+00   8.1900e-01   0  z  0.00 1
1023932  56705.000   125.00    4.0072e+00   8.1706e-01   0  z  0.00 1
1023932  56707.000   127.00    3.9577e+00   8.1754e-01   0  z  0.00 1
1023932  56709.000   129.00    3.9149e+00   8.1917e-01   0  z  0.00 1
1023932  56711.000   131.00    3.8819e+00   8.2263e-01   0  z  0.00 1
1023932  56713.000   133.00    3.8509e+00   8.2636e-01   0  z  0.00 1
1023932  56715.000   135.00    3.8226e+00   8.3051e-01   0  z  0.00 1
1023932  56717.000   137.00    3.7966e+00   8.3502e-01   0  z  0.00 1
1023932  56719.000   139.00    3.7757e+00   8.4051e-01   0  z  0.00 1
1023932  56536.246   -26.75    2.3150e+01   2.5320e+01  -1  i  0.84 2
1023932  56537.227   -25.77    4.5640e+01   1.4650e+01  -1  i  9.71 2
1023932  56543.285   -19.71    5.0320e+01   1.0650e+01  -1  i  14.48 2
1023932  56547.242   -15.76    4.1190e+01   9.7580e+00   1  i  0.20 2
1023932  56551.234   -11.77    7.4890e+01   1.8970e+01   1  i  1.56 2
1023932  56559.223    -3.78    4.6480e+01   1.6240e+01   1  i  1.41 2
1023932  56563.246     0.25    7.1900e+01   1.1460e+01   1  i  0.00 2
1023932  56567.188     4.19    5.5040e+01   1.0610e+01   1  i  1.91 2
1023932  56575.168    12.17    5.4700e+01   1.0650e+01   1  i  0.25 2
1023932  56579.156    16.16    4.2130e+01   1.4810e+01   1  i  0.46 2
1023932  56590.316    27.32    5.4330e+01   2.1020e+01   1  i  0.55 2
1023932  56594.121    31.12    6.9210e+01   1.6150e+01   1  i  4.12 2
1023932  56602.094    39.09    5.5630e+01   1.1760e+01   1  i  4.23 2
1023932  56606.086    43.09    5.8210e+01   2.2190e+01   1  i  1.80 2
1023932  56609.086    46.09    6.1210e+01   1.3360e+01   1  i  6.43 2
1023932  56616.078    53.08    8.2590e+01   2.1260e+01   1  i  7.57 2
1023932  56625.215    62.21    4.0450e+01   1.1470e+01   1  i  2.77 2
1023932  56504.000   -59.00    0.0000e+00   0.0000e+00   0  i  0.00 2
1023932  56506.000   -57.00    0.0000e+00   0.0000e+00   0  i  0.00 2
1023932  56508.000   -55.00    0.0000e+00   0.0000e+00   0  i  0.00 2
1023932  56510.000   -53.00    0.0000e+00   0.0000e+00   0  i  0.00 2
1023932  56512.000   -51.00    0.0000e+00   0.0000e+00   0  i  0.00 2
1023932  56514.000   -49.00    0.0000e+00   0.0000e+00   0  i  0.00 2
1023932  56516.000   -47.00    0.0000e+00   0.0000e+00   0  i  0.00 2
1023932  56518.000   -45.00    0.0000e+00   0.0000e+00   0  i  0.00 2
1023932  56520.000   -43.00    0.0000e+00   0.0000e+00   0  i  0.00 2
1023932  56522.000   -41.00    0.0000e+00   0.0000e+00   0  i  0.00 2
1023932  56524.000   -39.00    0.0000e+00   0.0000e+00   0  i  0.00 2
1023932  56526.000   -37.00    0.0000e+00   0.0000e+00   0  i  0.00 2
1023932  56528.000   -35.00    0.0000e+00   0.0000e+00   0  i  0.00 2
1023932  56530.000   -33.00    0.0000e+00   0.0000e+00   0  i  0.00 2
1023932  56532.000   -31.00    0.0000e+00   0.0000e+00   0  i  0.00 2
1023932  56534.000   -29.00    0.0000e+00   0.0000e+00   0  i  0.00 2
1023932  56536.000   -27.00    0.0000e+00   0.0000e+00   0  i  0.00 2
1023932  56538.000   -25.00    0.0000e+00   0.0000e+00   0  i  0.00 2
1023932  56540.000   -23.00    0.0000e+00   0.0000e+00   0  i  0.00 2
1023932  56542.000   -21.00    0.0000e+00   0.0000e+00   0  i  0.00 2
1023932  56544.000   -19.00    1.4348e+01   1.0839e+00   0  i  0.00 2
1023932  56546.000   -17.00    2.8233e+01   2.0725e+00   0  i  0.00 2
1023932  56548.000   -15.00    3.9818e+01   2.8379e+00   0  i  0.00 2
1023932  56550.000   -13.00    4.7437e+01   3.2797e+00   0  i  0.00 2
1023932  56552.000   -11.00    5.2553e+01   3.5212e+00   0  i  0.00 2
1023932  56554.000    -9.00    5.6640e+01   3.6740e+00   0  i  0.00 2
1023932  56556.000    -7.00    6.0434e+01   3.7911e+00   0  i  0.00 2
1023932  56558.000    -5.00    6.4139e+01   3.8866e+00   0  i  0.00 2
1023932  56560.000    -3.00    6.7652e+01   3.9551e+00   0  i  0.00 2
1023932  56562.000    -1.00    7.0567e+01   3.9748e+00   0  i  0.00 2
1023932  56564.000     1.00    7.2064e+01   4.0592e+00   0  i  0.00 2
1023932  56566.000     3.00    7.1740e+01   4.1941e+00   0  i  0.00 2
1023932  56568.000     5.00    7.0074e+01   4.2463e+00   0  i  0.00 2
1023932  56570.000     7.00    6.7877e+01   4.2580e+00   0  i  0.00 2
1023932  56572.000     9.00    6.4899e+01   4.2098e+00   0  i  0.00 2
1023932  56574.000    11.00    6.2488e+01   4.1868e+00   0  i  0.00 2
1023932  56576.000    13.00    5.8565e+01   4.0490e+00   0  i  0.00 2
1023932  56578.000    15.00    5.4576e+01   3.8897e+00   0  i  0.00 2
1023932  56580.000    17.00    5.1004e+01   3.7440e+00   0  i  0.00 2
1023932  56582.000    19.00    4.7775e+01   3.6090e+00   0  i  0.00 2
1023932  56584.000    21.00    4.4986e+01   3.4944e+00   0  i  0.00 2
1023932  56586.000    23.00    4.2536e+01   3.3949e+00   0  i  0.00 2
1023932  56588.000    25.00    4.0476e+01   3.3169e+00   0  i  0.00 2
1023932  56590.000    27.00    3.8776e+01   3.2603e+00   0  i  0.00 2
1023932  56592.000    29.00    3.7301e+01   3.2159e+00   0  i  0.00 2
1023932  56594.000    31.00    3.5905e+01   3.1723e+00   0  i  0.00 2
1023932  56596.000    33.00    3.4553e+01   3.1265e+00   0  i  0.00 2
1023932  56598.000    35.00    3.3251e+01   3.0797e+00   0  i  0.00 2
1023932  56600.000    37.00    3.1992e+01   3.0314e+00   0  i  0.00 2
1023932  56602.000    39.00    3.0735e+01   2.9780e+00   0  i  0.00 2
1023932  56604.000    41.00    2.9485e+01   2.9198e+00   0  i  0.00 2
1023932  56606.000    43.00    2.8283e+01   2.8611e+00   0  i  0.00 2
1023932  56608.000    45.00    2.7167e+01   2.8062e+00   0  i  0.00 2
1023932  56610.000    47.00    2.6153e+01   2.7573e+00   0  i  0.00 2
1023932  56612.000    49.00    2.5239e+01   2.7149e+00   0  i  0.00 2
1023932  56614.000    51.00    2.4416e+01   2.6785e+00   0  i  0.00 2
1023932  56616.000    53.00    2.3668e+01   2.6469e+00   0  i  0.00 2
1023932  56618.000    55.00    2.2989e+01   2.6200e+00   0  i  0.00 2
1023932  56620.000    57.00    2.2356e+01   2.5957e+00   0  i  0.00 2
1023932  56622.000    59.00    2.1765e+01   2.5735e+00   0  i  0.00 2
1023932  56624.000    61.00    2.1209e+01   2.5530e+00   0  i  0.00 2
1023932  56626.000    63.00    2.0679e+01   2.5333e+00   0  i  0.00 2
1023932  56628.000    65.00    2.0176e+01   2.5148e+00   0  i  0.00 2
1023932  56630.000    67.00    1.9693e+01   2.4967e+00   0  i  0.00 2
1023932  56632.000    69.00    1.9196e+01   2.4746e+00   0  i  0.00 2
1023932  56634.000    71.00    1.8724e+01   2.4538e+00   0  i  0.00 2
1023932  56636.000    73.00    1.8266e+01   2.4327e+00   0  i  0.00 2
1023932  56638.000    75.00    1.7817e+01   2.4110e+00   0  i  0.00 2
1023932  56640.000    77.00    1.7381e+01   2.3891e+00   0  i  0.00 2
1023932  56642.000    79.00    1.6953e+01   2.3664e+00   0  i  0.00 2
1023932  56644.000    81.00    1.6533e+01   2.3432e+00   0  i  0.00 2
1023932  56646.000    83.00    1.6120e+01   2.3190e+00   0  i  0.00 2
1023932  56648.000    85.00    1.5724e+01   2.2956e+00   0  i  0.00 2
1023932  56650.000    87.00    1.5339e+01   2.2721e+00   0  i  0.00 2
1023932  56652.000    89.00    1.4962e+01   2.2483e+00   0  i  0.00 2
1023932  56654.000    91.00    1.4594e+01   2.2240e+00   0  i  0.00 2
1023932  56656.000    93.00    5.5832e-01   8.6278e-02   0  i  0.00 2
1023932  56658.000    95.00    0.0000e+00   0.0000e+00   0  i  0.00 2
1023932  56660.000    97.00    0.0000e+00   0.0000e+00   0  i  0.00 2
1023932  56662.000    99.00    0.0000e+00   0.0000e+00   0  i  0.00 2
1023932  56664.000   101.00    0.0000e+00   0.0000e+00   0  i  0.00 2
1023932  56666.000   103.00    0.0000e+00   0.0000e+00   0  i  0.00 2
1023932  56668.000   105.00    0.0000e+00   0.0000e+00   0  i  0.00 2
1023932  56670.000   107.00    0.0000e+00   0.0000e+00   0  i  0.00 2
1023932  56672.000   109.00    0.0000e+00   0.0000e+00   0  i  0.00 2
1023932  56674.000   111.00    0.0000e+00   0.0000e+00   0  i  0.00 2
1023932  56676.000   113.00    0.0000e+00   0.0000e+00   0  i  0.00 2
1023932  56678.000   115.00    0.0000e+00   0.0000e+00   0  i  0.00 2
1023932  56680.000   117.00    0.0000e+00   0.0000e+00   0  i  0.00 2
1023932  56682.000   119.00    0.0000e+00   0.0000e+00   0  i  0.00 2
1023932  56684.000   121.00    0.0000e+00   0.0000e+00   0  i  0.00 2
1023932  56686.000   123.00    0.0000e+00   0.0000e+00   0  i  0.00 2
1023932  56688.000   125.00    0.0000e+00   0.0000e+00   0  i  0.00 2
1023932  56690.000   127.00    0.0000e+00   0.0000e+00   0  i  0.00 2
1023932  56692.000   129.00    0.0000e+00   0.0000e+00   0  i  0.00 2
1023932  56694.000   131.00    0.0000e+00   0.0000e+00   0  i  0.00 2
1023932  56696.000   133.00    0.0000e+00   0.0000e+00   0  i  0.00 2
1023932  56698.000   135.00    0.0000e+00   0.0000e+00   0  i  0.00 2
1023932  56700.000   137.00    0.0000e+00   0.0000e+00   0  i  0.00 2
1023932  56702.000   139.00    0.0000e+00   0.0000e+00   0  i  0.00 2
1023932  56534.234   -28.77    3.3720e+01   9.7070e+00  -1  r  12.07 2
1023932  56536.242   -26.76    2.9530e+01   2.2890e+01  -1  r  1.66 2
1023932  56537.223   -25.78    4.8220e+01   1.1450e+01  -1  r  17.74 2
1023932  56543.285   -19.71    3.4690e+01   7.4560e+00  -1  r  11.61 2
1023932  56547.242   -15.76    4.2100e+01   7.7050e+00   1  r  1.81 2
1023932  56551.234   -11.77    2.5090e+01   2.0630e+01   1  r  0.71 2
1023932  56559.223    -3.78    1.5740e+01   1.5340e+01   1  r  4.57 2
1023932  56563.246     0.25    4.0340e+01   8.0270e+00   1  r  1.43 2
1023932  56567.188     4.19    4.4340e+01   7.8630e+00   1  r  0.97 2
1023932  56575.164    12.16    3.3900e+01   8.9650e+00   1  r  0.17 2
1023932  56579.156    16.16    3.7970e+01   1.3000e+01   1  r  0.43 2
1023932  56590.312    27.31    1.7700e+01   1.5110e+01   1  r  0.02 2
1023932  56594.121    31.12    3.8740e+01   1.2130e+01   1  r  2.86 2
1023932  56602.094    39.09    2.8270e+01   8.9450e+00   1  r  1.88 2
1023932  56606.082    43.08    5.3750e+01   1.6940e+01   1  r  5.10 2
1023932  56609.086    46.09    2.0880e+01   1.1900e+01   1  r  0.24 2
1023932  56616.074    53.07    2.7960e+01   1.7470e+01   1  r  0.67 2
1023932  56625.215    62.21    3.9160e+01   8.1230e+00  -1  r  11.00 2
1023932  56504.000   -59.00    0.0000e+00   0.0000e+00   0  r  0.00 2
1023932  56506.000   -57.00    0.0000e+00   0.0000e+00   0  r  0.00 2
1023932  56508.000   -55.00    0.0000e+00   0.0000e+00   0  r  0.00 2
1023932  56510.000   -53.00    0.0000e+00   0.0000e+00   0  r  0.00 2
1023932  56512.000   -51.00    0.0000e+00   0.0000e+00   0  r  0.00 2
1023932  56514.000   -49.00    0.0000e+00   0.0000e+00   0  r  0.00 2
1023932  56516.000   -47.00    0.0000e+00   0.0000e+00   0  r  0.00 2
1023932  56518.000   -45.00    0.0000e+00   0.0000e+00   0  r  0.00 2
1023932  56520.000   -43.00    0.0000e+00   0.0000e+00   0  r  0.00 2
1023932  56522.000   -41.00    0.0000e+00   0.0000e+00   0  r  0.00 2
1023932  56524.000   -39.00    0.0000e+00   0.0000e+00   0  r  0.00 2
1023932  56526.000   -37.00    0.0000e+00   0.0000e+00   0  r  0.00 2
1023932  56528.000   -35.00    0.0000e+00   0.0000e+00   0  r  0.00 2
1023932  56530.000   -33.00    0.0000e+00   0.0000e+00   0  r  0.00 2
1023932  56532.000   -31.00    0.0000e+00   0.0000e+00   0  r  0.00 2
1023932  56534.000   -29.00    0.0000e+00   0.0000e+00   0  r  0.00 2
1023932  56536.000   -27.00    0.0000e+00   0.0000e+00   0  r  0.00 2
1023932  56538.000   -25.00    0.0000e+00   0.0000e+00   0  r  0.00 2
1023932  56540.000   -23.00    0.0000e+00   0.0000e+00   0  r  0.00 2
1023932  56542.000   -21.00    0.0000e+00   0.0000e+00   0  r  0.00 2
1023932  56544.000   -19.00    1.3356e+01   1.0089e+00   0  r  0.00 2
1023932  56546.000   -17.00    2.4815e+01   1.8216e+00   0  r  0.00 2
1023932  56548.000   -15.00    3.3906e+01   2.4166e+00   0  r  0.00 2
1023932  56550.000   -13.00    4.0072e+01   2.7704e+00   0  r  0.00 2
1023932  56552.000   -11.00    4.3845e+01   2.9377e+00   0  r  0.00 2
1023932  56554.000    -9.00    4.6128e+01   2.9922e+00   0  r  0.00 2
1023932  56556.000    -7.00    4.7630e+01   2.9879e+00   0  r  0.00 2
1023932  56558.000    -5.00    4.8618e+01   2.9461e+00   0  r  0.00 2
1023932  56560.000    -3.00    4.9445e+01   2.8907e+00   0  r  0.00 2
1023932  56562.000    -1.00    5.0077e+01   2.8207e+00   0  r  0.00 2
1023932  56564.000     1.00    5.1050e+01   2.8755e+00   0  r  0.00 2
1023932  56566.000     3.00    5.2230e+01   3.0535e+00   0  r  0.00 2
1023932  56568.000     5.00    5.2350e+01   3.1723e+00   0  r  0.00 2
1023932  56570.000     7.00    4.9902e+01   3.1305e+00   0  r  0.00 2
1023932  56572.000     9.00    4.6247e+01   2.9999e+00   0  r  0.00 2
1023932  56574.000    11.00    4.0465e+01   2.7112e+00   0  r  0.00 2
1023932  56576.000    13.00    3.6048e+01   2.4922e+00   0  r  0.00 2
1023932  56578.000    15.00    3.1798e+01   2.2663e+00   0  r  0.00 2
1023932  56580.000    17.00    2.7987e+01   2.0544e+00   0  r  0.00 2
1023932  56582.000    19.00    2.5105e+01   1.8965e+00   0  r  0.00 2
1023932  56584.000    21.00    2.3017e+01   1.7878e+00   0  r  0.00 2
1023932  56586.000    23.00    2.1849e+01   1.7438e+00   0  r  0.00 2
1023932  56588.000    25.00    2.0924e+01   1.7146e+00   0  r  0.00 2
1023932  56590.000    27.00    1.9927e+01   1.6755e+00   0  r  0.00 2
1023932  56592.000    29.00    1.8932e+01   1.6323e+00   0  r  0.00 2
1023932  56594.000    31.00    1.8100e+01   1.5992e+00   0  r  0.00 2
1023932  56596.000    33.00    1.7424e+01   1.5767e+00   0  r  0.00 2
1023932  56598.000    35.00    1.6817e+01   1.5576e+00   0  r  0.00 2
1023932  56600.000    37.00    1.6272e+01   1.5419e+00   0  r  0.00 2
1023932  56602.000    39.00    1.5834e+01   1.5342e+00   0  r  0.00 2
1023932  56604.000    41.00    1.5574e+01   1.5422e+00   0  r  0.00 2
1023932  56606.000    43.00    1.5345e+01   1.5523e+00   0  r  0.00 2
1023932  56608.000    45.00    1.5102e+01   1.5600e+00   0  r  0.00 2
1023932  56610.000    47.00    1.4802e+01   1.5606e+00   0  r  0.00 2
1023932  56612.000    49.00    1.4434e+01   1.5526e+00   0  r  0.00 2
1023932  56614.000    51.00    1.4020e+01   1.5380e+00   0  r  0.00 2
1023932  56616.000    53.00    1.3589e+01   1.5198e+00   0  r  0.00 2
1023932  56618.000    55.00    1.3193e+01   1.5037e+00   0  r  0.00 2
1023932  56620.000    57.00    1.2799e+01   1.4860e+00   0  r  0.00 2
1023932  56622.000    59.00    1.2406e+01   1.4669e+00   0  r  0.00 2
1023932  56624.000    61.00    1.2025e+01   1.4475e+00   0  r  0.00 2
1023932  56626.000    63.00    1.1662e+01   1.4287e+00   0  r  0.00 2
1023932  56628.000    65.00    1.1309e+01   1.4096e+00   0  r  0.00 2
1023932  56630.000    67.00    1.0970e+01   1.3907e+00   0  r  0.00 2
1023932  56632.000    69.00    1.0693e+01   1.3784e+00   0  r  0.00 2
1023932  56634.000    71.00    1.0414e+01   1.3647e+00   0  r  0.00 2
1023932  56636.000    73.00    1.0149e+01   1.3517e+00   0  r  0.00 2
1023932  56638.000    75.00    9.8919e+00   1.3386e+00   0  r  0.00 2
1023932  56640.000    77.00    9.6418e+00   1.3253e+00   0  r  0.00 2
1023932  56642.000    79.00    9.3981e+00   1.3119e+00   0  r  0.00 2
1023932  56644.000    81.00    9.1605e+00   1.2983e+00   0  r  0.00 2
1023932  56646.000    83.00    8.9298e+00   1.2846e+00   0  r  0.00 2
1023932  56648.000    85.00    8.7104e+00   1.2717e+00   0  r  0.00 2
1023932  56650.000    87.00    8.4973e+00   1.2587e+00   0  r  0.00 2
1023932  56652.000    89.00    8.2832e+00   1.2447e+00   0  r  0.00 2
1023932  56654.000    91.00    8.0783e+00   1.2311e+00   0  r  0.00 2
1023932  56656.000    93.00    3.9628e-01   6.1238e-02   0  r  0.00 2
1023932  56658.000    95.00    0.0000e+00   0.0000e+00   0  r  0.00 2
1023932  56660.000    97.00    0.0000e+00   0.0000e+00   0  r  0.00 2
1023932  56662.000    99.00    0.0000e+00   0.0000e+00   0  r  0.00 2
1023932  56664.000   101.00    0.0000e+00   0.0000e+00   0  r  0.00 2
1023932  56666.000   103.00    0.0000e+00   0.0000e+00   0  r  0.00 2
1023932  56668.000   105.00    0.0000e+00   0.0000e+00   0  r  0.00 2
1023932  56670.000   107.00    0.0000e+00   0.0000e+00   0  r  0.00 2
1023932  56672.000   109.00    0.0000e+00   0.0000e+00   0  r  0.00 2
1023932  56674.000   111.00    0.0000e+00   0.0000e+00   0  r  0.00 2
1023932  56676.000   113.00    0.0000e+00   0.0000e+00   0  r  0.00 2
1023932  56678.000   115.00    0.0000e+00   0.0000e+00   0  r  0.00 2
1023932  56680.000   117.00    0.0000e+00   0.0000e+00   0  r  0.00 2
1023932  56682.000   119.00    0.0000e+00   0.0000e+00   0  r  0.00 2
1023932  56684.000   121.00    0.0000e+00   0.0000e+00   0  r  0.00 2
1023932  56686.000   123.00    0.0000e+00   0.0000e+00   0  r  0.00 2
1023932  56688.000   125.00    0.0000e+00   0.0000e+00   0  r  0.00 2
1023932  56690.000   127.00    0.0000e+00   0.0000e+00   0  r  0.00 2
1023932  56692.000   129.00    0.0000e+00   0.0000e+00   0  r  0.00 2
1023932  56694.000   131.00    0.0000e+00   0.0000e+00   0  r  0.00 2
1023932  56696.000   133.00    0.0000e+00   0.0000e+00   0  r  0.00 2
1023932  56698.000   135.00    0.0000e+00   0.0000e+00   0  r  0.00 2
1023932  56700.000   137.00    0.0000e+00   0.0000e+00   0  r  0.00 2
1023932  56702.000   139.00    0.0000e+00   0.0000e+00   0  r  0.00 2
1023932  56536.254   -26.75    6.4070e+01   6.6510e+01  -1  z  0.93 2
1023932  56537.227   -25.77    3.3620e+01   2.2010e+01  -1  z  2.33 2
1023932  56543.289   -19.71    4.2280e+01   1.5960e+01  -1  z  4.02 2
1023932  56547.246   -15.75    3.7090e+01   1.5790e+01   1  z  0.00 2
1023932  56551.238   -11.76   -1.4720e+00   3.6730e+01   1  z  2.03 2
1023932  56559.227    -3.77    4.9120e+01   1.9940e+01   1  z  0.62 2
1023932  56563.250     0.25    6.1090e+01   1.8200e+01   1  z  0.32 2
1023932  56567.191     4.19    4.5480e+01   1.7770e+01   1  z  2.34 2
1023932  56575.172    12.17    4.5110e+01   1.7830e+01   1  z  1.66 2
1023932  56579.160    16.16    6.4890e+01   1.8750e+01   1  z  0.03 2
1023932  56590.316    27.32    5.1820e+01   2.2790e+01   1  z  0.03 2
1023932  56594.125    31.12    4.4550e+01   2.2570e+01   1  z  0.00 2
1023932  56602.098    39.10    4.7790e+01   1.7230e+01   1  z  0.24 2
1023932  56606.090    43.09    6.8980e+01   3.3470e+01   1  z  0.94 2
1023932  56609.090    46.09    7.2750e+01   1.9570e+01   1  z  3.67 2
1023932  56616.078    53.08    8.2380e+00   3.0690e+01   1  z  0.56 2
1023932  56625.219    62.22    4.3220e+01   1.7100e+01   1  z  0.71 2
1023932  56504.000   -59.00    0.0000e+00   0.0000e+00   0  z  0.00 2
1023932  56506.000   -57.00    0.0000e+00   0.0000e+00   0  z  0.00 2
1023932  56508.000   -55.00    0.0000e+00   0.0000e+00   0  z  0.00 2
1023932  56510.000   -53.00    0.0000e+00   0.0000e+00   0  z  0.00 2
1023932  56512.000   -51.00    0.0000e+00   0.0000e+00   0  z  0.00 2
1023932  56514.000   -49.00    0.0000e+00   0.0000e+00   0  z  0.00 2
1023932  56516.000   -47.00    0.0000e+00   0.0000e+00   0  z  0.00 2
1023932  56518.000   -45.00    0.0000e+00   0.0000e+00   0  z  0.00 2
1023932  56520.000   -43.00    0.0000e+00   0.0000e+00   0  z  0.00 2
1023932  56522.000   -41.00    0.0000e+00   0.0000e+00   0  z  0.00 2
1023932  56524.000   -39.00    0.0000e+00   0.0000e+00   0  z  0.00 2
1023932  56526.000   -37.00    0.0000e+00   0.0000e+00   0  z  0.00 2
1023932  56528.000   -35.00    0.0000e+00   0.0000e+00   0  z  0.00 2
1023932  56530.000   -33.00    0.0000e+00   0.0000e+00   0  z  0.00 2
1023932  56532.000   -31.00    0.0000e+00   0.0000e+00   0  z  0.00 2
1023932  56534.000   -29.00    0.0000e+00   0.0000e+00   0  z  0.00 2
1023932  56536.000   -27.00    0.0000e+00   0.0000e+00   0  z  0.00 2
1023932  56538.000   -25.00    0.0000e+00   0.0000e+00   0  z  0.00 2
1023932  56540.000   -23.00    0.0000e+00   0.0000e+00   0  z  0.00 2
1023932  56542.000   -21.00    0.0000e+00   0.0000e+00   0  z  0.00 2
1023932  56544.000   -19.00    1.5203e+01   1.1484e+00   0  z  0.00 2
1023932  56546.000   -17.00    2.9436e+01   2.1608e+00   0  z  0.00 2
1023932  56548.000   -15.00    4.0618e+01   2.8949e+00   0  z  0.00 2
1023932  56550.000   -13.00    4.7837e+01   3.3073e+00   0  z  0.00 2
1023932  56552.000   -11.00    5.2747e+01   3.5342e+00   0  z  0.00 2
1023932  56554.000    -9.00    5.6739e+01   3.6805e+00   0  z  0.00 2
1023932  56556.000    -7.00    6.0540e+01   3.7978e+00   0  z  0.00 2
1023932  56558.000    -5.00    6.3218e+01   3.8308e+00   0  z  0.00 2
1023932  56560.000    -3.00    6.6338e+01   3.8783e+00   0  z  0.00 2
1023932  56562.000    -1.00    6.9753e+01   3.9290e+00   0  z  0.00 2
1023932  56564.000     1.00    7.2190e+01   4.0663e+00   0  z  0.00 2
1023932  56566.000     3.00    7.3228e+01   4.2811e+00   0  z  0.00 2
1023932  56568.000     5.00    7.3397e+01   4.4477e+00   0  z  0.00 2
1023932  56570.000     7.00    7.2377e+01   4.5404e+00   0  z  0.00 2
1023932  56572.000     9.00    7.1687e+01   4.6501e+00   0  z  0.00 2
1023932  56574.000    11.00    7.0443e+01   4.7198e+00   0  z  0.00 2
1023932  56576.000    13.00    6.7304e+01   4.6532e+00   0  z  0.00 2
1023932  56578.000    15.00    6.3615e+01   4.5340e+00   0  z  0.00 2
1023932  56580.000    17.00    6.0178e+01   4.4175e+00   0  z  0.00 2
1023932  56582.000    19.00    5.7164e+01   4.3182e+00   0  z  0.00 2
1023932  56584.000    21.00    5.4510e+01   4.2342e+00   0  z  0.00 2
1023932  56586.000    23.00    5.2129e+01   4.1605e+00   0  z  0.00 2
1023932  56588.000    25.00    5.0151e+01   4.1097e+00   0  z  0.00 2
1023932  56590.000    27.00    4.8359e+01   4.0661e+00   0  z  0.00 2
1023932  56592.000    29.00    4.6726e+01   4.0285e+00   0  z  0.00 2
1023932  56594.000    31.00    4.5140e+01   3.9881e+00   0  z  0.00 2
1023932  56596.000    33.00    4.3579e+01   3.9433e+00   0  z  0.00 2
1023932  56598.000    35.00    4.2061e+01   3.8957e+00   0  z  0.00 2
1023932  56600.000    37.00    4.0573e+01   3.8445e+00   0  z  0.00 2
1023932  56602.000    39.00    3.9138e+01   3.7921e+00   0  z  0.00 2
1023932  56604.000    41.00    3.7733e+01   3.7365e+00   0  z  0.00 2
1023932  56606.000    43.00    3.6438e+01   3.6861e+00   0  z  0.00 2
1023932  56608.000    45.00    3.5257e+01   3.6418e+00   0  z  0.00 2
1023932  56610.000    47.00    3.4166e+01   3.6022e+00   0  z  0.00 2
1023932  56612.000    49.00    3.3171e+01   3.5680e+00   0  z  0.00 2
1023932  56614.000    51.00    3.2267e+01   3.5397e+00   0  z  0.00 2
1023932  56616.000    53.00    3.1454e+01   3.5177e+00   0  z  0.00 2
1023932  56618.000    55.00    3.0716e+01   3.5006e+00   0  z  0.00 2
1023932  56620.000    57.00    3.0052e+01   3.4892e+00   0  z  0.00 2
1023932  56622.000    59.00    2.9444e+01   3.4815e+00   0  z  0.00 2
1023932  56624.000    61.00    2.8888e+01   3.4774e+00   0  z  0.00 2
1023932  56626.000    63.00    2.8387e+01   3.4777e+00   0  z  0.00 2
1023932  56628.000    65.00    2.7931e+01   3.4814e+00   0  z  0.00 2
1023932  56630.000    67.00    2.7494e+01   3.4857e+00   0  z  0.00 2
1023932  56632.000    69.00    2.7099e+01   3.4935e+00   0  z  0.00 2
1023932  56634.000    71.00    2.6713e+01   3.5007e+00   0  z  0.00 2
1023932  56636.000    73.00    2.6354e+01   3.5099e+00   0  z  0.00 2
1023932  56638.000    75.00    2.6009e+01   3.5195e+00   0  z  0.00 2
1023932  56640.000    77.00    2.5678e+01   3.5295e+00   0  z  0.00 2
1023932  56642.000    79.00    2.5361e+01   3.5400e+00   0  z  0.00 2
1023932  56644.000    81.00    2.5054e+01   3.5508e+00   0  z  0.00 2
1023932  56646.000    83.00    2.4763e+01   3.5623e+00   0  z  0.00 2
1023932  56648.000    85.00    2.4482e+01   3.5741e+00   0  z  0.00 2
1023932  56650.000    87.00    2.4208e+01   3.5859e+00   0  z  0.00 2
1023932  56652.000    89.00    2.3953e+01   3.5992e+00   0  z  0.00 2
1023932  56654.000    91.00    2.3696e+01   3.6113e+00   0  z  0.00 2
1023932  56656.000    93.00    7.4254e-01   1.1475e-01   0  z  0.00 2
1023932  56658.000    95.00    0.0000e+00   0.0000e+00   0  z  0.00 2
1023932  56660.000    97.00    0.0000e+00   0.0000e+00   0  z  0.00 2
1023932  56662.000    99.00    0.0000e+00   0.0000e+00   0  z  0.00 2
1023932  56664.000   101.00    0.0000e+00   0.0000e+00   0  z  0.00 2
1023932  56666.000   103.00    0.0000e+00   0.0000e+00   0  z  0.00 2
1023932  56668.000   105.00    0.0000e+00   0.0000e+00   0  z  0.00 2
1023932  56670.000   107.00    0.0000e+00   0.0000e+00   0  z  0.00 2
1023932  56672.000   109.00    0.0000e+00   0.0000e+00   0  z  0.00 2
1023932  56674.000   111.00    0.0000e+00   0.0000e+00   0  z  0.00 2
1023932  56676.000   113.00    0.0000e+00   0.0000e+00   0  z  0.00 2
1023932  56678.000   115.00    0.0000e+00   0.0000e+00   0  z  0.00 2
1023932  56680.000   117.00    0.0000e+00   0.0000e+00   0  z  0.00 2
1023932  56682.000   119.00    0.0000e+00   0.0000e+00   0  z  0.00 2
1023932  56684.000   121.00    0.0000e+00   0.0000e+00   0  z  0.00 2
1023932  56686.000   123.00    0.0000e+00   0.0000e+00   0  z  0.00 2
1023932  56688.000   125.00    0.0000e+00   0.0000e+00   0  z  0.00 2
1023932  56690.000   127.00    0.0000e+00   0.0000e+00   0  z  0.00 2
1023932  56692.000   129.00    0.0000e+00   0.0000e+00   0  z  0.00 2
1023932  56694.000   131.00    0.0000e+00   0.0000e+00   0  z  0.00 2
1023932  56696.000   133.00    0.0000e+00   0.0000e+00   0  z  0.00 2
1023932  56698.000   135.00    0.0000e+00   0.0000e+00   0  z  0.00 2
1023932  56700.000   137.00    0.0000e+00   0.0000e+00   0  z  0.00 2
1023932  56702.000   139.00    0.0000e+00   0.0000e+00   0  z  0.00 2
1023932  56536.246   -27.75    2.3150e+01   2.5320e+01  -1  i  0.84 3
1023932  56537.227   -26.77    4.5640e+01   1.4650e+01  -1  i  9.71 3
1023932  56543.285   -20.71    5.0320e+01   1.0650e+01  -1  i  22.12 3
1023932  56547.242   -16.76    4.1190e+01   9.7580e+00   1  i  0.90 3
1023932  56551.234   -12.77    7.4890e+01   1.8970e+01   1  i  0.46 3
1023932  56559.223    -4.78    4.6480e+01   1.6240e+01   1  i  0.78 3
1023932  56563.246    -0.75    7.1900e+01   1.1460e+01   1  i  0.94 3
1023932  56567.188     3.19    5.5040e+01   1.0610e+01   1  i  0.08 3
1023932  56575.168    11.17    5.4700e+01   1.0650e+01   1  i  0.00 3
1023932  56579.156    15.16    4.2130e+01   1.4810e+01   1  i  0.55 3
1023932  56590.316    26.32    5.4330e+01   2.1020e+01   1  i  0.02 3
1023932  56594.121    30.12    6.9210e+01   1.6150e+01   1  i  1.14 3
1023932  56602.094    38.09    5.5630e+01   1.1760e+01   1  i  0.11 3
1023932  56606.086    42.09    5.8210e+01   2.2190e+01   1  i  0.08 3
1023932  56609.086    45.09    6.1210e+01   1.3360e+01   1  i  0.42 3
1023932  56616.078    52.08    8.2590e+01   2.1260e+01   1  i  1.77 3
1023932  56625.215    61.21    4.0450e+01   1.1470e+01   1  i  1.31 3
1023932  56505.000   -59.00    0.0000e+00   0.0000e+00   0  i  0.00 3
1023932  56507.000   -57.00    0.0000e+00   0.0000e+00   0  i  0.00 3
1023932  56509.000   -55.00    0.0000e+00   0.0000e+00   0  i  0.00 3
1023932  56511.000   -53.00    0.0000e+00   0.0000e+00   0  i  0.00 3
1023932  56513.000   -51.00    0.0000e+00   0.0000e+00   0  i  0.00 3
1023932  56515.000   -49.00    0.0000e+00   0.0000e+00   0  i  0.00 3
1023932  56517.000   -47.00    0.0000e+00   0.0000e+00   0  i  0.00 3
1023932  56519.000   -45.00    0.0000e+00   0.0000e+00   0  i  0.00 3
1023932  56521.000   -43.00    0.0000e+00   0.0000e+00   0  i  0.00 3
1023932  56523.000   -41.00    0.0000e+00   0.0000e+00   0  i  0.00 3
1023932  56525.000   -39.00    0.0000e+00   0.0000e+00   0  i  0.00 3
1023932  56527.000   -37.00    0.0000e+00   0.0000e+00   0  i  0.00 3
1023932  56529.000   -35.00    0.0000e+00   0.0000e+00   0  i  0.00 3
1023932  56531.000   -33.00    0.0000e+00   0.0000e+00   0  i  0.00 3
1023932  56533.000   -31.00    0.0000e+00   0.0000e+00   0  i  0.00 3
1023932  56535.000   -29.00    0.0000e+00   0.0000e+00   0  i  0.00 3
1023932  56537.000   -27.00    0.0000e+00   0.0000e+00   0  i  0.00 3
1023932  56539.000   -25.00    0.0000e+00   0.0000e+00   0  i  0.00 3
1023932  56541.000   -23.00    0.0000e+00   0.0000e+00   0  i  0.00 3
1023932  56543.000   -21.00    0.0000e+00   0.0000e+00   0  i  0.00 3
1023932  56545.000   -19.00    1.1153e+01   8.4155e-01   0  i  0.00 3
1023932  56547.000   -17.00    4.8529e+01   3.5585e+00   0  i  0.00 3
1023932  56549.000   -15.00    5.9440e+01   4.2323e+00   0  i  0.00 3
1023932  56551.000   -13.00    6.1546e+01   4.2514e+00   0  i  0.00 3
1023932  56553.000   -11.00    6.2270e+01   4.1691e+00   0  i  0.00 3
1023932  56555.000    -9.00    6.2070e+01   4.0237e+00   0  i  0.00 3
1023932  56557.000    -7.00    6.1529e+01   3.8579e+00   0  i  0.00 3
1023932  56559.000    -5.00    6.1229e+01   3.7089e+00   0  i  0.00 3
1023932  56561.000    -3.00    6.0937e+01   3.5617e+00   0  i  0.00 3
1023932  56563.000    -1.00    6.0395e+01   3.4016e+00   0  i  0.00 3
1023932  56565.000     1.00    5.9451e+01   3.3485e+00   0  i  0.00 3
1023932  56567.000     3.00    5.8280e+01   3.4064e+00   0  i  0.00 3
1023932  56569.000     5.00    5.7201e+01   3.4649e+00   0  i  0.00 3
1023932  56571.000     7.00    5.6255e+01   3.5272e+00   0  i  0.00 3
1023932  56573.000     9.00    5.5406e+01   3.5917e+00   0  i  0.00 3
1023932  56575.000    11.00    5.4671e+01   3.6603e+00   0  i  0.00 3
1023932  56577.000    13.00    5.4031e+01   3.7323e+00   0  i  0.00 3
1023932  56579.000    15.00    5.3520e+01   3.8108e+00   0  i  0.00 3
1023932  56581.000    17.00    5.3040e+01   3.8893e+00   0  i  0.00 3
1023932  56583.000    19.00    5.2544e+01   3.9646e+00   0  i  0.00 3
1023932  56585.000    21.00    5.2158e+01   4.0464e+00   0  i  0.00 3
1023932  56587.000    23.00    5.1847e+01   4.1324e+00   0  i  0.00 3
1023932  56589.000    25.00    5.1613e+01   4.2235e+00   0  i  0.00 3
1023932  56591.000    27.00    5.1452e+01   4.3197e+00   0  i  0.00 3
1023932  56593.000    29.00    5.1348e+01   4.4201e+00   0  i  0.00 3
1023932  56595.000    31.00    5.1286e+01   4.5238e+00   0  i  0.00 3
1023932  56597.000    33.00    5.1267e+01   4.6311e+00   0  i  0.00 3
1023932  56599.000    35.00    5.1296e+01   4.7427e+00   0  i  0.00 3
1023932  56601.000    37.00    5.1352e+01   4.8571e+00   0  i  0.00 3
1023932  56603.000    39.00    5.1438e+01   4.9745e+00   0  i  0.00 3
1023932  56605.000    41.00    5.1551e+01   5.0951e+00   0  i  0.00 3
1023932  56607.000    43.00    5.1675e+01   5.2172e+00   0  i  0.00 3
1023932  56609.000    45.00    5.1866e+01   5.3467e+00   0  i  0.00 3
1023932  56611.000    47.00    5.2172e+01   5.4892e+00   0  i  0.00 3
1023932  56613.000    49.00    5.2578e+01   5.6436e+00   0  i  0.00 3
1023932  56615.000    51.00    5.3001e+01   5.8017e+00   0  i  0.00 3
1023932  56617.000    53.00    5.3466e+01   5.9663e+00   0  i  0.00 3
1023932  56619.000    55.00    5.3941e+01   6.1340e+00   0  i  0.00 3
1023932  56621.000    57.00    5.4450e+01   6.3076e+00   0  i  0.00 3
1023932  56623.000    59.00    5.5000e+01   6.4881e+00   0  i  0.00 3
1023932  56625.000    61.00    5.5590e+01   6.6760e+00   0  i  0.00 3
1023932  56627.000    63.00    5.6244e+01   6.8741e+00   0  i  0.00 3
1023932  56629.000    65.00    5.6974e+01   7.0844e+00   0  i  0.00 3
1023932  56631.000    67.00    5.7772e+01   7.3064e+00   0  i  0.00 3
1023932  56633.000    69.00    5.8727e+01   7.5521e+00   0  i  0.00 3
1023932  56635.000    71.00    5.9891e+01   7.8290e+00   0  i  0.00 3
1023932  56637.000    73.00    6.1354e+01   8.1506e+00   0  i  0.00 3
1023932  56639.000    75.00    6.2282e+01   8.4063e+00   0  i  0.00 3
1023932  56641.000    77.00    6.2615e+01   8.5844e+00   0  i  0.00 3
1023932  56643.000    79.00    6.2956e+01   8.7650e+00   0  i  0.00 3
1023932  56645.000    81.00    6.3288e+01   8.9457e+00   0  i  0.00 3
1023932  56647.000    83.00    6.3615e+01   9.1272e+00   0  i  0.00 3
1023932  56649.000    85.00    6.3968e+01   9.3137e+00   0  i  0.00 3
1023932  56651.000    87.00    6.4310e+01   9.5003e+00   0  i  0.00 3
1023932  56653.000    89.00    6.4661e+01   9.6895e+00   0  i  0.00 3
1023932  56655.000    91.00    6.5019e+01   9.8814e+00   0  i  0.00 3
1023932  56657.000    93.00    7.5468e+00   1.1630e+00   0  i  0.00 3
1023932  56659.000    95.00    0.0000e+00   0.0000e+00   0  i  0.00 3
1023932  56661.000    97.00    0.0000e+00   0.0000e+00   0  i  0.00 3
1023932  56663.000    99.00    0.0000e+00   0.0000e+00   0  i  0.00 3
1023932  56665.000   101.00    0.0000e+00   0.0000e+00   0  i  0.00 3
1023932  56667.000   103.00    0.0000e+00   0.0000e+00   0  i  0.00 3
1023932  56669.000   105.00    0.0000e+00   0.0000e+00   0  i  0.00 3
1023932  56671.000   107.00    0.0000e+00   0.0000e+00   0  i  0.00 3
1023932  56673.000   109.00    0.0000e+00   0.0000e+00   0  i  0.00 3
1023932  56675.000   111.00    0.0000e+00   0.0000e+00   0  i  0.00 3
1023932  56677.000   113.00    0.0000e+00   0.0000e+00   0  i  0.00 3
1023932  56679.000   115.00    0.0000e+00   0.0000e+00   0  i  0.00 3
1023932  56681.000   117.00    0.0000e+00   0.0000e+00   0  i  0.00 3
1023932  56683.000   119.00    0.0000e+00   0.0000e+00   0  i  0.00 3
1023932  56685.000   121.00    0.0000e+00   0.0000e+00   0  i  0.00 3
1023932  56687.000   123.00    0.0000e+00   0.0000e+00   0  i  0.00 3
1023932  56689.000   125.00    0.0000e+00   0.0000e+00   0  i  0.00 3
1023932  56691.000   127.00    0.0000e+00   0.0000e+00   0  i  0.00 3
1023932  56693.000   129.00    0.0000e+00   0.0000e+00   0  i  0.00 3
1023932  56695.000   131.00    0.0000e+00   0.0000e+00   0  i  0.00 3
1023932  56697.000   133.00    0.0000e+00   0.0000e+00   0  i  0.00 3
1023932  56699.000   135.00    0.0000e+00   0.0000e+00   0  i  0.00 3
1023932  56701.000   137.00    0.0000e+00   0.0000e+00   0  i  0.00 3
1023932  56703.000   139.00    0.0000e+00   0.0000e+00   0  i  0.00 3
1023932  56534.234   -29.77    3.3720e+01   9.7070e+00  -1  r  12.07 3
1023932  56536.242   -27.76    2.9530e+01   2.2890e+01  -1  r  1.66 3
1023932  56537.223   -26.78    4.8220e+01   1.1450e+01  -1  r  17.74 3
1023932  56543.285   -20.71    3.4690e+01   7.4560e+00  -1  r  21.42 3
1023932  56547.242   -16.76    4.2100e+01   7.7050e+00   1  r  0.60 3
1023932  56551.234   -12.77    2.5090e+01   2.0630e+01   1  r  0.41 3
1023932  56559.223    -4.78    1.5740e+01   1.5340e+01   1  r  2.30 3
1023932  56563.246    -0.75    4.0340e+01   8.0270e+00   1  r  0.04 3
1023932  56567.188     3.19    4.4340e+01   7.8630e+00   1  r  0.41 3
1023932  56575.164    11.16    3.3900e+01   8.9650e+00   1  r  0.22 3
1023932  56579.156    15.16    3.7970e+01   1.3000e+01   1  r  0.00 3
1023932  56590.312    26.31    1.7700e+01   1.5110e+01   1  r  1.33 3
1023932  56594.121    30.12    3.8740e+01   1.2130e+01   1  r  0.08 3
1023932  56602.094    38.09    2.8270e+01   8.9450e+00   1  r  0.46 3
1023932  56606.082    42.08    5.3750e+01   1.6940e+01   1  r  1.22 3
1023932  56609.086    45.09    2.0880e+01   1.1900e+01   1  r  1.21 3
1023932  56616.074    52.07    2.7960e+01   1.7470e+01   1  r  0.12 3
1023932  56625.215    61.21    3.9160e+01   8.1230e+00   1  r  0.45 3
1023932  56505.000   -59.00    0.0000e+00   0.0000e+00   0  r  0.00 3
1023932  56507.000   -57.00    0.0000e+00   0.0000e+00   0  r  0.00 3
1023932  56509.000   -55.00    0.0000e+00   0.0000e+00   0  r  0.00 3
1023932  56511.000   -53.00    0.0000e+00   0.0000e+00   0  r  0.00 3
1023932  56513.000   -51.00    0.0000e+00   0.0000e+00   0  r  0.00 3
1023932  56515.000   -49.00    0.0000e+00   0.0000e+00   0  r  0.00 3
1023932  56517.000   -47.00    0.0000e+00   0.0000e+00   0  r  0.00 3
1023932  56519.000   -45.00    0.0000e+00   0.0000e+00   0  r  0.00 3
1023932  56521.000   -43.00    0.0000e+00   0.0000e+00   0  r  0.00 3
1023932  56523.000   -41.00    0.0000e+00   0.0000e+00   0  r  0.00 3
1023932  56525.000   -39.00    0.0000e+00   0.0000e+00   0  r  0.00 3
1023932  56527.000   -37.00    0.0000e+00   0.0000e+00   0  r  0.00 3
1023932  56529.000   -35.00    0.0000e+00   0.0000e+00   0  r  0.00 3
1023932  56531.000   -33.00    0.0000e+00   0.0000e+00   0  r  0.00 3
1023932  56533.000   -31.00    0.0000e+00   0.0000e+00   0  r  0.00 3
1023932  56535.000   -29.00    0.0000e+00   0.0000e+00   0  r  0.00 3
1023932  56537.000   -27.00    0.0000e+00   0.0000e+00   0  r  0.00 3
1023932  56539.000   -25.00    0.0000e+00   0.0000e+00   0  r  0.00 3
1023932  56541.000   -23.00    0.0000e+00   0.0000e+00   0  r  0.00 3
1023932  56543.000   -21.00    0.0000e+00   0.0000e+00   0  r  0.00 3
1023932  56545.000   -19.00    8.3261e+00   6.2823e-01   0  r  0.00 3
1023932  56547.000   -17.00    3.4286e+01   2.5141e+00   0  r  0.00 3
1023932  56549.000   -15.00    3.9181e+01   2.7898e+00   0  r  0.00 3
1023932  56551.000   -13.00    3.8519e+01   2.6608e+00   0  r  0.00 3
1023932  56553.000   -11.00    3.8385e+01   2.5699e+00   0  r  0.00 3
1023932  56555.000    -9.00    3.8862e+01   2.5192e+00   0  r  0.00 3
1023932  56557.000    -7.00    3.9330e+01   2.4660e+00   0  r  0.00 3
1023932  56559.000    -5.00    3.9268e+01   2.3786e+00   0  r  0.00 3
1023932  56561.000    -3.00    3.8876e+01   2.2722e+00   0  r  0.00 3
1023932  56563.000    -1.00    3.8626e+01   2.1755e+00   0  r  0.00 3
1023932  56565.000     1.00    3.8765e+01   2.1834e+00   0  r  0.00 3
1023932  56567.000     3.00    3.9080e+01   2.2842e+00   0  r  0.00 3
1023932  56569.000     5.00    3.9160e+01   2.3721e+00   0  r  0.00 3
1023932  56571.000     7.00    3.9048e+01   2.4483e+00   0  r  0.00 3
1023932  56573.000     9.00    3.8751e+01   2.5120e+00   0  r  0.00 3
1023932  56575.000    11.00    3.8353e+01   2.5678e+00   0  r  0.00 3
1023932  56577.000    13.00    3.7897e+01   2.6178e+00   0  r  0.00 3
1023932  56579.000    15.00    3.7397e+01   2.6628e+00   0  r  0.00 3
1023932  56581.000    17.00    3.6935e+01   2.7084e+00   0  r  0.00 3
1023932  56583.000    19.00    3.6563e+01   2.7588e+00   0  r  0.00 3
1023932  56585.000    21.00    3.6218e+01   2.8097e+00   0  r  0.00 3
1023932  56587.000    23.00    3.5902e+01   2.8616e+00   0  r  0.00 3
1023932  56589.000    25.00    3.5625e+01   2.9153e+00   0  r  0.00 3
1023932  56591.000    27.00    3.5390e+01   2.9712e+00   0  r  0.00 3
1023932  56593.000    29.00    3.5201e+01   3.0302e+00   0  r  0.00 3
1023932  56595.000    31.00    3.5046e+01   3.0913e+00   0  r  0.00 3
1023932  56597.000    33.00    3.4917e+01   3.1542e+00   0  r  0.00 3
1023932  56599.000    35.00    3.4811e+01   3.2186e+00   0  r  0.00 3
1023932  56601.000    37.00    3.4744e+01   3.2863e+00   0  r  0.00 3
1023932  56603.000    39.00    3.4690e+01   3.3549e+00   0  r  0.00 3
1023932  56605.000    41.00    3.4645e+01   3.4242e+00   0  r  0.00 3
1023932  56607.000    43.00    3.4613e+01   3.4946e+00   0  r  0.00 3
1023932  56609.000    45.00    3.4556e+01   3.5623e+00   0  r  0.00 3
1023932  56611.000    47.00    3.4448e+01   3.6243e+00   0  r  0.00 3
1023932  56613.000    49.00    3.4296e+01   3.6813e+00   0  r  0.00 3
1023932  56615.000    51.00    3.4144e+01   3.7376e+00   0  r  0.00 3
1023932  56617.000    53.00    3.3981e+01   3.7920e+00   0  r  0.00 3
1023932  56619.000    55.00    3.3806e+01   3.8443e+00   0  r  0.00 3
1023932  56621.000    57.00    3.3611e+01   3.8935e+00   0  r  0.00 3
1023932  56623.000    59.00    3.3386e+01   3.9384e+00   0  r  0.00 3
1023932  56625.000    61.00    3.3134e+01   3.9792e+00   0  r  0.00 3
1023932  56627.000    63.00    3.2855e+01   4.0155e+00   0  r  0.00 3
1023932  56629.000    65.00    3.2533e+01   4.0452e+00   0  r  0.00 3
1023932  56631.000    67.00    3.2160e+01   4.0673e+00   0  r  0.00 3
1023932  56633.000    69.00    3.1690e+01   4.0752e+00   0  r  0.00 3
1023932  56635.000    71.00    3.1111e+01   4.0669e+00   0  r  0.00 3
1023932  56637.000    73.00    3.0381e+01   4.0360e+00   0  r  0.00 3
1023932  56639.000    75.00    3.0005e+01   4.0499e+00   0  r  0.00 3
1023932  56641.000    77.00    2.9989e+01   4.1114e+00   0  r  0.00 3
1023932  56643.000    79.00    2.9967e+01   4.1721e+00   0  r  0.00 3
1023932  56645.000    81.00    2.9956e+01   4.2342e+00   0  r  0.00 3
1023932  56647.000    83.00    2.9942e+01   4.2959e+00   0  r  0.00 3
1023932  56649.000    85.00    2.9920e+01   4.3564e+00   0  r  0.00 3
1023932  56651.000    87.00    2.9906e+01   4.4179e+00   0  r  0.00 3
1023932  56653.000    89.00    2.9895e+01   4.4798e+00   0  r  0.00 3
1023932  56655.000    91.00    2.9881e+01   4.5413e+00   0  r  0.00 3
1023932  56657.000    93.00    4.1845e+00   6.4484e-01   0  r  0.00 3
1023932  56659.000    95.00    0.0000e+00   0.0000e+00   0  r  0.00 3
1023932  56661.000    97.00    0.0000e+00   0.0000e+00   0  r  0.00 3
1023932  56663.000    99.00    0.0000e+00   0.0000e+00   0  r  0.00 3
1023932  56665.000   101.00    0.0000e+00   0.0000e+00   0  r  0.00 3
1023932  56667.000   103.00    0.0000e+00   0.0000e+00   0  r  0.00 3
1023932  56669.000   105.00    0.0000e+00   0.0000e+00   0  r  0.00 3
1023932  56671.000   107.00    0.0000e+00   0.0000e+00   0  r  0.00 3
1023932  56673.000   109.00    0.0000e+00   0.0000e+00   0  r  0.00 3
1023932  56675.000   111.00    0.0000e+00   0.0000e+00   0  r  0.00 3
1023932  56677.000   113.00    0.0000e+00   0.0000e+00   0  r  0.00 3
1023932  56679.000   115.00    0.0000e+00   0.0000e+00   0  r  0.00 3
1023932  56681.000   117.00    0.0000e+00   0.0000e+00   0  r  0.00 3
1023932  56683.000   119.00    0.0000e+00   0.0000e+00   0  r  0.00 3
1023932  56685.000   121.00    0.0000e+00   0.0000e+00   0  r  0.00 3
1023932  56687.000   123.00    0.0000e+00   0.0000e+00   0  r  0.00 3
1023932  56689.000   125.00    0.0000e+00   0.0000e+00   0  r  0.00 3
1023932  56691.000   127.00    0.0000e+00   0.0000e+00   0  r  0.00 3
1023932  56693.000   129.00    0.0000e+00   0.0000e+00   0  r  0.00 3
1023932  56695.000   131.00    0.0000e+00   0.0000e+00   0  r  0.00 3
1023932  56697.000   133.00    0.0000e+00   0.0000e+00   0  r  0.00 3
1023932  56699.000   135.00    0.0000e+00   0.0000e+00   0  r  0.00 3
1023932  56701.000   137.00    0.0000e+00   0.0000e+00   0  r  0.00 3
1023932  56703.000   139.00    0.0000e+00   0.0000e+00   0  r  0.00 3
1023932  56536.254   -27.75    6.4070e+01   6.6510e+01  -1  z  0.93 3
1023932  56537.227   -26.77    3.3620e+01   2.2010e+01  -1  z  2.33 3
1023932  56543.289   -20.71    4.2280e+01   1.5960e+01  -1  z  6.97 3
1023932  56547.246   -16.75    3.7090e+01   1.5790e+01   1  z  0.05 3
1023932  56551.238   -12.76   -1.4720e+00   3.6730e+01   1  z  1.22 3
1023932  56559.227    -4.77    4.9120e+01   1.9940e+01   1  z  0.01 3
1023932  56563.250    -0.75    6.1090e+01   1.8200e+01   1  z  0.40 3
1023932  56567.191     3.19    4.5480e+01   1.7770e+01   1  z  0.15 3
1023932  56575.172    11.17    4.5110e+01   1.7830e+01   1  z  0.24 3
1023932  56579.160    15.16    6.4890e+01   1.8750e+01   1  z  0.37 3
1023932  56590.316    26.32    5.1820e+01   2.2790e+01   1  z  0.00 3
1023932  56594.125    30.12    4.4550e+01   2.2570e+01   1  z  0.06 3
1023932  56602.098    38.10    4.7790e+01   1.7230e+01   1  z  0.03 3
1023932  56606.090    42.09    6.8980e+01   3.3470e+01   1  z  0.26 3
1023932  56609.090    45.09    7.2750e+01   1.9570e+01   1  z  1.02 3
1023932  56616.078    52.08    8.2380e+00   3.0690e+01   1  z  2.12 3
1023932  56625.219    61.22    4.3220e+01   1.7100e+01   1  z  0.46 3
1023932  56505.000   -59.00    0.0000e+00   0.0000e+00   0  z  0.00 3
1023932  56507.000   -57.00    0.0000e+00   0.0000e+00   0  z  0.00 3
1023932  56509.000   -55.00    0.0000e+00   0.0000e+00   0  z  0.00 3
1023932  56511.000   -53.00    0.0000e+00   0.0000e+00   0  z  0.00 3
1023932  56513.000   -51.00    0.0000e+00   0.0000e+00   0  z  0.00 3
1023932  56515.000   -49.00    0.0000e+00   0.0000e+00   0  z  0.00 3
1023932  56517.000   -47.00    0.0000e+00   0.0000e+00   0  z  0.00 3
1023932  56519.000   -45.00    0.0000e+00   0.0000e+00   0  z  0.00 3
1023932  56521.000   -43.00    0.0000e+00   0.0000e+00   0  z  0.00 3
1023932  56523.000   -41.00    0.0000e+00   0.0000e+00   0  z  0.00 3
1023932  56525.000   -39.00    0.0000e+00   0.0000e+00   0  z  0.00 3
1023932  56527.000   -37.00    0.0000e+00   0.0000e+00   0  z  0.00 3
1023932  56529.000   -35.00    0.0000e+00   0.0000e+00   0  z  0.00 3
1023932  56531.000   -33.00    0.0000e+00   0.0000e+00   0  z  0.00 3
1023932  56533.000   -31.00    0.0000e+00   0.0000e+00   0  z  0.00 3
1023932  56535.000   -29.00    0.0000e+00   0.0000e+00   0  z  0.00 3
1023932  56537.000   -27.00    0.0000e+00   0.0000e+00   0  z  0.00 3
1023932  56539.000   -25.00    0.0000e+00   0.0000e+00   0  z  0.00 3
1023932  56541.000   -23.00    0.0000e+00   0.0000e+00   0  z  0.00 3
1023932  56543.000   -21.00    0.0000e+00   0.0000e+00   0  z  0.00 3
1023932  56545.000   -19.00    7.4480e+00   5.6198e-01   0  z  0.00 3
1023932  56547.000   -17.00    3.1942e+01   2.3422e+00   0  z  0.00 3
1023932  56549.000   -15.00    3.8131e+01   2.7150e+00   0  z  0.00 3
1023932  56551.000   -13.00    3.9127e+01   2.7028e+00   0  z  0.00 3
1023932  56553.000   -11.00    4.0704e+01   2.7252e+00   0  z  0.00 3
1023932  56555.000    -9.00    4.3021e+01   2.7889e+00   0  z  0.00 3
1023932  56557.000    -7.00    4.5432e+01   2.8486e+00   0  z  0.00 3
1023932  56559.000    -5.00    4.6998e+01   2.8469e+00   0  z  0.00 3
1023932  56561.000    -3.00    4.8142e+01   2.8138e+00   0  z  0.00 3
1023932  56563.000    -1.00    4.9349e+01   2.7795e+00   0  z  0.00 3
1023932  56565.000     1.00    5.0825e+01   2.8626e+00   0  z  0.00 3
1023932  56567.000     3.00    5.2312e+01   3.0575e+00   0  z  0.00 3
1023932  56569.000     5.00    5.3353e+01   3.2318e+00   0  z  0.00 3
1023932  56571.000     7.00    5.3981e+01   3.3846e+00   0  z  0.00 3
1023932  56573.000     9.00    5.4195e+01   3.5132e+00   0  z  0.00 3
1023932  56575.000    11.00    5.4110e+01   3.6227e+00   0  z  0.00 3
1023932  56577.000    13.00    5.3792e+01   3.7158e+00   0  z  0.00 3
1023932  56579.000    15.00    5.3289e+01   3.7943e+00   0  z  0.00 3
1023932  56581.000    17.00    5.2713e+01   3.8654e+00   0  z  0.00 3
1023932  56583.000    19.00    5.2177e+01   3.9370e+00   0  z  0.00 3
1023932  56585.000    21.00    5.1665e+01   4.0082e+00   0  z  0.00 3
1023932  56587.000    23.00    5.1192e+01   4.0802e+00   0  z  0.00 3
1023932  56589.000    25.00    5.0783e+01   4.1556e+00   0  z  0.00 3
1023932  56591.000    27.00    5.0475e+01   4.2377e+00   0  z  0.00 3
1023932  56593.000    29.00    5.0271e+01   4.3275e+00   0  z  0.00 3
1023932  56595.000    31.00    5.0183e+01   4.4266e+00   0  z  0.00 3
1023932  56597.000    33.00    5.0220e+01   4.5366e+00   0  z  0.00 3
1023932  56599.000    35.00    5.0341e+01   4.6545e+00   0  z  0.00 3
1023932  56601.000    37.00    5.0559e+01   4.7821e+00   0  z  0.00 3
1023932  56603.000    39.00    5.0886e+01   4.9212e+00   0  z  0.00 3
1023932  56605.000    41.00    5.1314e+01   5.0717e+00   0  z  0.00 3
1023932  56607.000    43.00    5.1794e+01   5.2292e+00   0  z  0.00 3
1023932  56609.000    45.00    5.2273e+01   5.3887e+00   0  z  0.00 3
1023932  56611.000    47.00    5.2713e+01   5.5461e+00   0  z  0.00 3
1023932  56613.000    49.00    5.3137e+01   5.7037e+00   0  z  0.00 3
1023932  56615.000    51.00    5.3565e+01   5.8634e+00   0  z  0.00 3
1023932  56617.000    53.00    5.3991e+01   6.0248e+00   0  z  0.00 3
1023932  56619.000    55.00    5.4425e+01   6.1890e+00   0  z  0.00 3
1023932  56621.000    57.00    5.4858e+01   6.3548e+00   0  z  0.00 3
1023932  56623.000    59.00    5.5243e+01   6.5169e+00   0  z  0.00 3
1023932  56625.000    61.00    5.5575e+01   6.6742e+00   0  z  0.00 3
1023932  56627.000    63.00    5.5847e+01   6.8255e+00   0  z  0.00 3
1023932  56629.000    65.00    5.6012e+01   6.9647e+00   0  z  0.00 3
1023932  56631.000    67.00    5.6100e+01   7.0949e+00   0  z  0.00 3
1023932  56633.000    69.00    5.5950e+01   7.1949e+00   0  z  0.00 3
1023932  56635.000    71.00    5.5529e+01   7.2588e+00   0  z  0.00 3
1023932  56637.000    73.00    5.4727e+01   7.2703e+00   0  z  0.00 3
1023932  56639.000    75.00    5.4676e+01   7.3798e+00   0  z  0.00 3
1023932  56641.000    77.00    5.5442e+01   7.6010e+00   0  z  0.00 3
1023932  56643.000    79.00    5.6224e+01   7.8277e+00   0  z  0.00 3
1023932  56645.000    81.00    5.7032e+01   8.0615e+00   0  z  0.00 3
1023932  56647.000    83.00    5.7815e+01   8.2950e+00   0  z  0.00 3
1023932  56649.000    85.00    5.8646e+01   8.5389e+00   0  z  0.00 3
1023932  56651.000    87.00    5.9473e+01   8.7857e+00   0  z  0.00 3
1023932  56653.000    89.00    6.0311e+01   9.0378e+00   0  z  0.00 3
1023932  56655.000    91.00    6.1167e+01   9.2961e+00   0  z  0.00 3
1023932  56657.000    93.00    7.2410e+00   1.1159e+00   0  z  0.00 3
1023932  56659.000    95.00    0.0000e+00   0.0000e+00   0  z  0.00 3
1023932  56661.000    97.00    0.0000e+00   0.0000e+00   0  z  0.00 3
1023932  56663.000    99.00    0.0000e+00   0.0000e+00   0  z  0.00 3
1023932  56665.000   101.00    0.0000e+00   0.0000e+00   0  z  0.00 3
1023932  56667.000   103.00    0.0000e+00   0.0000e+00   0  z  0.00 3
1023932  56669.000   105.00    0.0000e+00   0.0000e+00   0  z  0.00 3
1023932  56671.000   107.00    0.0000e+00   0.0000e+00   0  z  0.00 3
1023932  56673.000   109.00    0.0000e+00   0.0000e+00   0  z  0.00 3
1023932  56675.000   111.00    0.0000e+00   0.0000e+00   0  z  0.00 3
1023932  56677.000   113.00    0.0000e+00   0.0000e+00   0  z  0.00 3
1023932  56679.000   115.00    0.0000e+00   0.0000e+00   0  z  0.00 3
1023932  56681.000   117.00    0.0000e+00   0.0000e+00   0  z  0.00 3
1023932  56683.000   119.00    0.0000e+00   0.0000e+00   0  z  0.00 3
1023932  56685.000   121.00    0.0000e+00   0.0000e+00   0  z  0.00 3
1023932  56687.000   123.00    0.0000e+00   0.0000e+00   0  z  0.00 3
1023932  56689.000   125.00    0.0000e+00   0.0000e+00   0  z  0.00 3
1023932  56691.000   127.00    0.0000e+00   0.0000e+00   0  z  0.00 3
1023932  56693.000   129.00    0.0000e+00   0.0000e+00   0  z  0.00 3
1023932  56695.000   131.00    0.0000e+00   0.0000e+00   0  z  0.00 3
1023932  56697.000   133.00    0.0000e+00   0.0000e+00   0  z  0.00 3
1023932  56699.000   135.00    0.0000e+00   0.0000e+00   0  z  0.00 3
1023932  56701.000   137.00    0.0000e+00   0.0000e+00   0  z  0.00 3
1023932  56703.000   139.00    0.0000e+00   0.0000e+00   0  z  0.00 3
